790.831	 601	3.16356e-317	2.96439e-323	2.11517e-317	0.993346	0	0.124	0.011	0.31
732.159	 601	3.16356e-317	2.96439e-323	2.11517e-317	0.993175	0	0.124	0.011	0.33
717.951	 601	3.16356e-317	2.96439e-323	2.11517e-317	0.991126	0	0.124	0.011	0.35
785.629	 601	3.16356e-317	2.96439e-323	2.11517e-317	0.989601	0	0.124	0.011	0.37
688.519	 601	3.16356e-317	2.96439e-323	2.11517e-317	0.99025	0	0.124	0.011	0.39
670.766	 601	3.16356e-317	2.96439e-323	2.11517e-317	0.989053	0	0.124	0.011	0.41
643.883	 601	3.16356e-317	2.96439e-323	2.11517e-317	0.986922	0	0.124	0.011	0.43
611.781	 601	3.16356e-317	2.96439e-323	2.11517e-317	0.985997	0	0.124	0.011	0.45
609.14	 601	3.16356e-317	2.96439e-323	2.11517e-317	0.985526	0	0.124	0.011	0.47
655.106	 601	3.16356e-317	2.96439e-323	2.11517e-317	0.984581	0	0.124	0.011	0.49
729.025	 601	3.16356e-317	2.96439e-323	2.11517e-317	0.996764	0	0.124	0.015	0.31
686.632	 601	3.16356e-317	2.96439e-323	2.11517e-317	0.996528	0	0.124	0.015	0.33
675.236	 601	3.16356e-317	2.96439e-323	2.11517e-317	0.993641	0	0.124	0.015	0.35
599.436	 601	3.16356e-317	2.96439e-323	2.11517e-317	0.99298	0	0.124	0.015	0.37
628.449	 601	3.16356e-317	2.96439e-323	2.11517e-317	0.990118	0	0.124	0.015	0.39
585.252	 601	3.16356e-317	2.96439e-323	2.11517e-317	0.989388	0	0.124	0.015	0.41
556.078	 601	3.16356e-317	2.96439e-323	2.11517e-317	0.989411	0	0.124	0.015	0.43
593.065	 601	3.16356e-317	2.96439e-323	2.11517e-317	0.988673	0	0.124	0.015	0.45
614.381	 601	3.16356e-317	2.96439e-323	2.11517e-317	0.987928	0	0.124	0.015	0.47
610.152	 601	3.16356e-317	2.96439e-323	2.11517e-317	0.985348	0	0.124	0.015	0.49
630.704	 601	3.16356e-317	2.96439e-323	2.11517e-317	0.997193	0	0.124	0.019	0.31
677.83	 601	3.16356e-317	2.96439e-323	2.11517e-317	0.996818	0	0.124	0.019	0.33
602.15	 601	3.16356e-317	2.96439e-323	2.11517e-317	0.996584	0	0.124	0.019	0.35
628.42	 601	3.16356e-317	2.96439e-323	2.11517e-317	0.996201	0	0.124	0.019	0.37
599.871	 601	3.16356e-317	2.96439e-323	2.11517e-317	0.993164	0	0.124	0.019	0.39
603.919	 601	3.16356e-317	2.96439e-323	2.11517e-317	0.992626	0	0.124	0.019	0.41
559.793	 601	3.16356e-317	2.96439e-323	2.11517e-317	0.99026	0	0.124	0.019	0.43
601.893	 601	3.16356e-317	2.96439e-323	2.11517e-317	0.990067	0	0.124	0.019	0.45
546.447	 601	3.16356e-317	2.96439e-323	2.11517e-317	0.988679	0	0.124	0.019	0.47
580.962	 601	3.16356e-317	2.96439e-323	2.11517e-317	0.98855	0	0.124	0.019	0.49
658.921	 601	3.16356e-317	2.96439e-323	2.11517e-317	0.997532	0	0.124	0.023	0.31
635.228	 601	3.16356e-317	2.96439e-323	2.11517e-317	0.997264	0	0.124	0.023	0.33
558.839	 601	3.16356e-317	2.96439e-323	2.11517e-317	0.997121	0	0.124	0.023	0.35
589.781	 601	3.16356e-317	2.96439e-323	2.11517e-317	0.996681	0	0.124	0.023	0.37
573.785	 601	3.16356e-317	2.96439e-323	2.11517e-317	0.996522	0	0.124	0.023	0.39
553.757	 601	3.16356e-317	2.96439e-323	2.11517e-317	0.993452	0	0.124	0.023	0.41
542.313	 601	3.16356e-317	2.96439e-323	2.11517e-317	0.992675	0	0.124	0.023	0.43
559.033	 601	3.16356e-317	2.96439e-323	2.11517e-317	0.992346	0	0.124	0.023	0.45
572.236	 601	3.16356e-317	2.96439e-323	2.11517e-317	0.989859	0	0.124	0.023	0.47
603.858	 601	3.16356e-317	2.96439e-323	2.11517e-317	0.988774	0	0.124	0.023	0.49
594.278	 601	3.16356e-317	2.96439e-323	2.11517e-317	1.0027	0	0.124	0.027	0.31
595.724	 601	3.16356e-317	2.96439e-323	2.11517e-317	0.997461	0	0.124	0.027	0.33
568.726	 601	3.16356e-317	2.96439e-323	2.11517e-317	0.997355	0	0.124	0.027	0.35
554.897	 601	3.16356e-317	2.96439e-323	2.11517e-317	0.997175	0	0.124	0.027	0.37
549.532	 601	3.16356e-317	2.96439e-323	2.11517e-317	0.99677	0	0.124	0.027	0.39
548.773	 601	3.16356e-317	2.96439e-323	2.11517e-317	0.996611	0	0.124	0.027	0.41
555.968	 601	3.16356e-317	2.96439e-323	2.11517e-317	0.996514	0	0.124	0.027	0.43
594.968	 601	3.16356e-317	2.96439e-323	2.11517e-317	0.99619	0	0.124	0.027	0.45
522.326	 601	3.16356e-317	2.96439e-323	2.11517e-317	0.992797	0	0.124	0.027	0.47
561.311	 601	3.16356e-317	2.96439e-323	2.11517e-317	0.989922	0	0.124	0.027	0.49
539.662	 601	3.16356e-317	2.96439e-323	2.11517e-317	1.00314	0	0.124	0.031	0.31
590.856	 601	3.16356e-317	2.96439e-323	2.11517e-317	1.00272	0	0.124	0.031	0.33
574.988	 601	3.16356e-317	2.96439e-323	2.11517e-317	1.00263	0	0.124	0.031	0.35
542.917	 601	3.16356e-317	2.96439e-323	2.11517e-317	0.997557	0	0.124	0.031	0.37
585.767	 601	3.16356e-317	2.96439e-323	2.11517e-317	0.997413	0	0.124	0.031	0.39
562.317	 601	3.16356e-317	2.96439e-323	2.11517e-317	0.997119	0	0.124	0.031	0.41
536.104	 601	3.16356e-317	2.96439e-323	2.11517e-317	0.996928	0	0.124	0.031	0.43
564.845	 601	3.16356e-317	2.96439e-323	2.11517e-317	0.99637	0	0.124	0.031	0.45
630.731	 601	3.16356e-317	2.96439e-323	2.11517e-317	0.99621	0	0.124	0.031	0.47
561.11	 601	3.16356e-317	2.96439e-323	2.11517e-317	0.992817	0	0.124	0.031	0.49
625.85	 601	3.16356e-317	2.96439e-323	2.11517e-317	1.00351	0	0.124	0.035	0.31
524.208	 601	3.16356e-317	2.96439e-323	2.11517e-317	1.00339	0	0.124	0.035	0.33
566.313	 601	3.16356e-317	2.96439e-323	2.11517e-317	1.00302	0	0.124	0.035	0.35
588.228	 601	3.16356e-317	2.96439e-323	2.11517e-317	1.00289	0	0.124	0.035	0.37
577.642	 601	3.16356e-317	2.96439e-323	2.11517e-317	1.00267	0	0.124	0.035	0.39
586.372	 601	3.16356e-317	2.96439e-323	2.11517e-317	0.997557	0	0.124	0.035	0.41
592.556	 601	3.16356e-317	2.96439e-323	2.11517e-317	0.997175	0	0.124	0.035	0.43
598.76	 601	3.16356e-317	2.96439e-323	2.11517e-317	0.996867	0	0.124	0.035	0.45
556.549	 601	3.16356e-317	2.96439e-323	2.11517e-317	0.996669	0	0.124	0.035	0.47
669.268	 601	3.16356e-317	2.96439e-323	2.11517e-317	0.996455	0	0.124	0.035	0.49
566.333	 601	3.16356e-317	2.96439e-323	2.11517e-317	1.00737	0	0.124	0.039	0.31
562.853	 601	3.16356e-317	2.96439e-323	2.11517e-317	1.00388	0	0.124	0.039	0.33
569.05	 601	3.16356e-317	2.96439e-323	2.11517e-317	1.00349	0	0.124	0.039	0.35
566.851	 601	3.16356e-317	2.96439e-323	2.11517e-317	1.0031	0	0.124	0.039	0.37
549.703	 601	3.16356e-317	2.96439e-323	2.11517e-317	1.00303	0	0.124	0.039	0.39
611.001	 601	3.16356e-317	2.96439e-323	2.11517e-317	1.00263	0	0.124	0.039	0.41
630.484	 601	3.16356e-317	2.96439e-323	2.11517e-317	0.997435	0	0.124	0.039	0.43
649.587	 601	3.16356e-317	2.96439e-323	2.11517e-317	0.997424	0	0.124	0.039	0.45
648.312	 601	3.16356e-317	2.96439e-323	2.11517e-317	0.996762	0	0.124	0.039	0.47
632.125	 601	3.16356e-317	2.96439e-323	2.11517e-317	0.996757	0	0.124	0.039	0.49
555.19	 601	3.16356e-317	2.96439e-323	2.11517e-317	1.00787	0	0.124	0.043	0.31
576.035	 601	3.16356e-317	2.96439e-323	2.11517e-317	1.00735	0	0.124	0.043	0.33
588.543	 601	3.16356e-317	2.96439e-323	2.11517e-317	1.00364	0	0.124	0.043	0.35
572.262	 601	3.16356e-317	2.96439e-323	2.11517e-317	1.00381	0	0.124	0.043	0.37
627.801	 601	3.16356e-317	2.96439e-323	2.11517e-317	1.00328	0	0.124	0.043	0.39
631.2	 601	3.16356e-317	2.96439e-323	2.11517e-317	1.00313	0	0.124	0.043	0.41
655.745	 601	3.16356e-317	2.96439e-323	2.11517e-317	1.00269	0	0.124	0.043	0.43
617.779	 601	3.16356e-317	2.96439e-323	2.11517e-317	1.00233	0	0.124	0.043	0.45
679.533	 601	3.16356e-317	2.96439e-323	2.11517e-317	0.997389	0	0.124	0.043	0.47
652.837	 601	3.16356e-317	2.96439e-323	2.11517e-317	0.997229	0	0.124	0.043	0.49
613.582	 601	3.16356e-317	2.96439e-323	2.11517e-317	1.01022	0	0.124	0.047	0.31
605.124	 601	3.16356e-317	2.96439e-323	2.11517e-317	1.00782	0	0.124	0.047	0.33
630.43	 601	3.16356e-317	2.96439e-323	2.11517e-317	1.00657	0	0.124	0.047	0.35
673.836	 601	3.16356e-317	2.96439e-323	2.11517e-317	1.00381	0	0.124	0.047	0.37
685.883	 601	3.16356e-317	2.96439e-323	2.11517e-317	1.00356	0	0.124	0.047	0.39
618.504	 601	3.16356e-317	2.96439e-323	2.11517e-317	1.00352	0	0.124	0.047	0.41
614.799	 601	3.16356e-317	2.96439e-323	2.11517e-317	1.00315	0	0.124	0.047	0.43
714.453	 601	3.16356e-317	2.96439e-323	2.11517e-317	1.00294	0	0.124	0.047	0.45
710.062	 601	3.16356e-317	2.96439e-323	2.11517e-317	1.00254	0	0.124	0.047	0.47
693.929	 601	3.16356e-317	2.96439e-323	2.11517e-317	0.997381	0	0.124	0.047	0.49
705.198	 601	3.16356e-317	2.96439e-323	2.11517e-317	0.996507	0	0.128	0.011	0.31
679.406	 601	3.16356e-317	2.96439e-323	2.11517e-317	0.996356	0	0.128	0.011	0.33
685.546	 601	3.16356e-317	2.96439e-323	2.11517e-317	0.993312	0	0.128	0.011	0.35
632.033	 601	3.16356e-317	2.96439e-323	2.11517e-317	0.992505	0	0.128	0.011	0.37
675.359	 601	3.16356e-317	2.96439e-323	2.11517e-317	0.990136	0	0.128	0.011	0.39
639.948	 601	3.16356e-317	2.96439e-323	2.11517e-317	0.989328	0	0.128	0.011	0.41
641.67	 601	3.16356e-317	2.96439e-323	2.11517e-317	0.989091	0	0.128	0.011	0.43
614.206	 601	3.16356e-317	2.96439e-323	2.11517e-317	0.988729	0	0.128	0.011	0.45
606.643	 601	3.16356e-317	2.96439e-323	2.11517e-317	0.986245	0	0.128	0.011	0.47
550.954	 601	3.16356e-317	2.96439e-323	2.11517e-317	0.985144	0	0.128	0.011	0.49
665.223	 601	3.16356e-317	2.96439e-323	2.11517e-317	0.997026	0	0.128	0.015	0.31
629.569	 601	3.16356e-317	2.96439e-323	2.11517e-317	0.996632	0	0.128	0.015	0.33
596.51	 601	3.16356e-317	2.96439e-323	2.11517e-317	0.99671	0	0.128	0.015	0.35
597.999	 601	3.16356e-317	2.96439e-323	2.11517e-317	0.996277	0	0.128	0.015	0.37
607.383	 601	3.16356e-317	2.96439e-323	2.11517e-317	0.994279	0	0.128	0.015	0.39
597.873	 601	3.16356e-317	2.96439e-323	2.11517e-317	0.990408	0	0.128	0.015	0.41
627.503	 601	3.16356e-317	2.96439e-323	2.11517e-317	0.992295	0	0.128	0.015	0.43
586.227	 601	3.16356e-317	2.96439e-323	2.11517e-317	0.988846	0	0.128	0.015	0.45
528.659	 601	3.16356e-317	2.96439e-323	2.11517e-317	0.989341	0	0.128	0.015	0.47
548.598	 601	3.16356e-317	2.96439e-323	2.11517e-317	0.988289	0	0.128	0.015	0.49
615.497	 601	3.16356e-317	2.96439e-323	2.11517e-317	0.997374	0	0.128	0.019	0.31
612.261	 601	3.16356e-317	2.96439e-323	2.11517e-317	0.997394	0	0.128	0.019	0.33
582.053	 601	3.16356e-317	2.96439e-323	2.11517e-317	0.997142	0	0.128	0.019	0.35
584.885	 601	3.16356e-317	2.96439e-323	2.11517e-317	0.996696	0	0.128	0.019	0.37
563.163	 601	3.16356e-317	2.96439e-323	2.11517e-317	0.996358	0	0.128	0.019	0.39
586.814	 601	3.16356e-317	2.96439e-323	2.11517e-317	0.996275	0	0.128	0.019	0.41
481.179	 601	3.16356e-317	2.96439e-323	2.11517e-317	0.992879	0	0.128	0.019	0.43
595.776	 601	3.16356e-317	2.96439e-323	2.11517e-317	0.99185	0	0.128	0.019	0.45
540.817	 601	3.16356e-317	2.96439e-323	2.11517e-317	0.990274	0	0.128	0.019	0.47
572.031	 601	3.16356e-317	2.96439e-323	2.11517e-317	0.989264	0	0.128	0.019	0.49
546.421	 601	3.16356e-317	2.96439e-323	2.11517e-317	1.00274	0	0.128	0.023	0.31
628.071	 601	3.16356e-317	2.96439e-323	2.11517e-317	1.00229	0	0.128	0.023	0.33
595.545	 601	3.16356e-317	2.96439e-323	2.11517e-317	0.997285	0	0.128	0.023	0.35
520.592	 601	3.16356e-317	2.96439e-323	2.11517e-317	0.997147	0	0.128	0.023	0.37
531.368	 601	3.16356e-317	2.96439e-323	2.11517e-317	0.996689	0	0.128	0.023	0.39
538.935	 601	3.16356e-317	2.96439e-323	2.11517e-317	0.996507	0	0.128	0.023	0.41
499.772	 601	3.16356e-317	2.96439e-323	2.11517e-317	0.996222	0	0.128	0.023	0.43
589.171	 601	3.16356e-317	2.96439e-323	2.11517e-317	0.996353	0	0.128	0.023	0.45
575.278	 601	3.16356e-317	2.96439e-323	2.11517e-317	0.995976	0	0.128	0.023	0.47
548.852	 601	3.16356e-317	2.96439e-323	2.11517e-317	0.991605	0	0.128	0.023	0.49
565.172	 601	3.16356e-317	2.96439e-323	2.11517e-317	1.003	0	0.128	0.027	0.31
532.189	 601	3.16356e-317	2.96439e-323	2.11517e-317	1.00279	0	0.128	0.027	0.33
564.259	 601	3.16356e-317	2.96439e-323	2.11517e-317	1.00247	0	0.128	0.027	0.35
539.267	 601	3.16356e-317	2.96439e-323	2.11517e-317	1.00243	0	0.128	0.027	0.37
518.739	 601	3.16356e-317	2.96439e-323	2.11517e-317	0.997349	0	0.128	0.027	0.39
519.187	 601	3.16356e-317	2.96439e-323	2.11517e-317	0.996995	0	0.128	0.027	0.41
511.507	 601	3.16356e-317	2.96439e-323	2.11517e-317	0.996808	0	0.128	0.027	0.43
533.504	 601	3.16356e-317	2.96439e-323	2.11517e-317	0.996807	0	0.128	0.027	0.45
562.555	 601	3.16356e-317	2.96439e-323	2.11517e-317	0.994661	0	0.128	0.027	0.47
589.241	 601	3.16356e-317	2.96439e-323	2.11517e-317	0.993517	0	0.128	0.027	0.49
609.955	 601	3.16356e-317	2.96439e-323	2.11517e-317	1.00373	0	0.128	0.031	0.31
552.703	 601	3.16356e-317	2.96439e-323	2.11517e-317	1.00326	0	0.128	0.031	0.33
570.514	 601	3.16356e-317	2.96439e-323	2.11517e-317	1.00288	0	0.128	0.031	0.35
575.98	 601	3.16356e-317	2.96439e-323	2.11517e-317	1.00298	0	0.128	0.031	0.37
568.428	 601	3.16356e-317	2.96439e-323	2.11517e-317	1.00233	0	0.128	0.031	0.39
553.953	 601	3.16356e-317	2.96439e-323	2.11517e-317	0.997289	0	0.128	0.031	0.41
597.722	 601	3.16356e-317	2.96439e-323	2.11517e-317	0.99711	0	0.128	0.031	0.43
518.431	 601	3.16356e-317	2.96439e-323	2.11517e-317	0.996852	0	0.128	0.031	0.45
545.947	 601	3.16356e-317	2.96439e-323	2.11517e-317	0.996777	0	0.128	0.031	0.47
595.274	 601	3.16356e-317	2.96439e-323	2.11517e-317	0.996514	0	0.128	0.031	0.49
590.087	 601	3.16356e-317	2.96439e-323	2.11517e-317	1.00415	0	0.128	0.035	0.31
589.688	 601	3.16356e-317	2.96439e-323	2.11517e-317	1.00365	0	0.128	0.035	0.33
561.138	 601	3.16356e-317	2.96439e-323	2.11517e-317	1.00353	0	0.128	0.035	0.35
629.162	 601	3.16356e-317	2.96439e-323	2.11517e-317	1.00324	0	0.128	0.035	0.37
552.729	 601	3.16356e-317	2.96439e-323	2.11517e-317	1.00296	0	0.128	0.035	0.39
575.32	 601	3.16356e-317	2.96439e-323	2.11517e-317	1.00256	0	0.128	0.035	0.41
571.843	 601	3.16356e-317	2.96439e-323	2.11517e-317	0.997531	0	0.128	0.035	0.43
613.87	 601	3.16356e-317	2.96439e-323	2.11517e-317	0.997165	0	0.128	0.035	0.45
602.196	 601	3.16356e-317	2.96439e-323	2.11517e-317	0.996733	0	0.128	0.035	0.47
609.701	 601	3.16356e-317	2.96439e-323	2.11517e-317	0.996716	0	0.128	0.035	0.49
582.144	 601	3.16356e-317	2.96439e-323	2.11517e-317	1.00794	0	0.128	0.039	0.31
632.164	 601	3.16356e-317	2.96439e-323	2.11517e-317	1.00776	0	0.128	0.039	0.33
572.53	 601	3.16356e-317	2.96439e-323	2.11517e-317	1.00385	0	0.128	0.039	0.35
629.397	 601	3.16356e-317	2.96439e-323	2.11517e-317	1.00384	0	0.128	0.039	0.37
595.709	 601	3.16356e-317	2.96439e-323	2.11517e-317	1.00335	0	0.128	0.039	0.39
609.197	 601	3.16356e-317	2.96439e-323	2.11517e-317	1.00295	0	0.128	0.039	0.41
605.329	 601	3.16356e-317	2.96439e-323	2.11517e-317	1.00275	0	0.128	0.039	0.43
618.306	 601	3.16356e-317	2.96439e-323	2.11517e-317	1.00248	0	0.128	0.039	0.45
637.061	 601	3.16356e-317	2.96439e-323	2.11517e-317	0.997611	0	0.128	0.039	0.47
690.569	 601	3.16356e-317	2.96439e-323	2.11517e-317	0.997081	0	0.128	0.039	0.49
626.64	 601	3.16356e-317	2.96439e-323	2.11517e-317	1.01024	0	0.128	0.043	0.31
556.387	 601	3.16356e-317	2.96439e-323	2.11517e-317	1.00755	0	0.128	0.043	0.33
567.085	 601	3.16356e-317	2.96439e-323	2.11517e-317	1.00717	0	0.128	0.043	0.35
612.426	 601	3.16356e-317	2.96439e-323	2.11517e-317	1.00402	0	0.128	0.043	0.37
593.779	 601	3.16356e-317	2.96439e-323	2.11517e-317	1.00369	0	0.128	0.043	0.39
606.416	 601	3.16356e-317	2.96439e-323	2.11517e-317	1.0033	0	0.128	0.043	0.41
628.888	 601	3.16356e-317	2.96439e-323	2.11517e-317	1.00316	0	0.128	0.043	0.43
677.779	 601	3.16356e-317	2.96439e-323	2.11517e-317	1.00286	0	0.128	0.043	0.45
706.366	 601	3.16356e-317	2.96439e-323	2.11517e-317	1.00272	0	0.128	0.043	0.47
738.069	 601	3.16356e-317	2.96439e-323	2.11517e-317	1.00232	0	0.128	0.043	0.49
591.808	 601	3.16356e-317	2.96439e-323	2.11517e-317	1.01066	0	0.128	0.047	0.31
639.188	 601	3.16356e-317	2.96439e-323	2.11517e-317	1.01016	0	0.128	0.047	0.33
627.158	 601	3.16356e-317	2.96439e-323	2.11517e-317	1.00792	0	0.128	0.047	0.35
693.116	 601	3.16356e-317	2.96439e-323	2.11517e-317	1.00753	0	0.128	0.047	0.37
669.069	 601	3.16356e-317	2.96439e-323	2.11517e-317	1.00398	0	0.128	0.047	0.39
642.246	 601	3.16356e-317	2.96439e-323	2.11517e-317	1.00382	0	0.128	0.047	0.41
739.456	 601	3.16356e-317	2.96439e-323	2.11517e-317	1.00349	0	0.128	0.047	0.43
701.125	 601	3.16356e-317	2.96439e-323	2.11517e-317	1.00325	0	0.128	0.047	0.45
770.48	 601	3.16356e-317	2.96439e-323	2.11517e-317	1.00297	0	0.128	0.047	0.47
734.125	 601	3.16356e-317	2.96439e-323	2.11517e-317	1.00257	0	0.128	0.047	0.49
695.805	 601	3.16356e-317	2.96439e-323	2.11517e-317	0.996925	0	0.132	0.011	0.31
714.529	 601	3.16356e-317	2.96439e-323	2.11517e-317	0.996725	0	0.132	0.011	0.33
665.658	 601	3.16356e-317	2.96439e-323	2.11517e-317	0.996369	0	0.132	0.011	0.35
566.42	 601	3.16356e-317	2.96439e-323	2.11517e-317	0.996283	0	0.132	0.011	0.37
588.862	 601	3.16356e-317	2.96439e-323	2.11517e-317	0.992663	0	0.132	0.011	0.39
629.484	 601	3.16356e-317	2.96439e-323	2.11517e-317	0.992677	0	0.132	0.011	0.41
574.082	 601	3.16356e-317	2.96439e-323	2.11517e-317	0.992276	0	0.132	0.011	0.43
616.556	 601	3.16356e-317	2.96439e-323	2.11517e-317	0.989409	0	0.132	0.011	0.45
612.68	 601	3.16356e-317	2.96439e-323	2.11517e-317	0.988319	0	0.132	0.011	0.47
559.673	 601	3.16356e-317	2.96439e-323	2.11517e-317	0.988402	0	0.132	0.011	0.49
616	 601	3.16356e-317	2.96439e-323	2.11517e-317	0.997499	0	0.132	0.015	0.31
591.489	 601	3.16356e-317	2.96439e-323	2.11517e-317	0.997282	0	0.132	0.015	0.33
599.908	 601	3.16356e-317	2.96439e-323	2.11517e-317	0.997029	0	0.132	0.015	0.35
582.486	 601	3.16356e-317	2.96439e-323	2.11517e-317	0.996425	0	0.132	0.015	0.37
561.663	 601	3.16356e-317	2.96439e-323	2.11517e-317	0.996504	0	0.132	0.015	0.39
644.475	 601	3.16356e-317	2.96439e-323	2.11517e-317	0.99645	0	0.132	0.015	0.41
597.286	 601	3.16356e-317	2.96439e-323	2.11517e-317	0.993123	0	0.132	0.015	0.43
538.487	 601	3.16356e-317	2.96439e-323	2.11517e-317	0.99258	0	0.132	0.015	0.45
521.036	 601	3.16356e-317	2.96439e-323	2.11517e-317	0.990046	0	0.132	0.015	0.47
562.012	 601	3.16356e-317	2.96439e-323	2.11517e-317	0.989398	0	0.132	0.015	0.49
613.292	 601	3.16356e-317	2.96439e-323	2.11517e-317	1.00283	0	0.132	0.019	0.31
582.149	 601	3.16356e-317	2.96439e-323	2.11517e-317	1.00243	0	0.132	0.019	0.33
602.634	 601	3.16356e-317	2.96439e-323	2.11517e-317	0.997478	0	0.132	0.019	0.35
565.513	 601	3.16356e-317	2.96439e-323	2.11517e-317	0.997035	0	0.132	0.019	0.37
529.681	 601	3.16356e-317	2.96439e-323	2.11517e-317	0.996969	0	0.132	0.019	0.39
535.103	 601	3.16356e-317	2.96439e-323	2.11517e-317	0.996537	0	0.132	0.019	0.41
559.265	 601	3.16356e-317	2.96439e-323	2.11517e-317	0.996381	0	0.132	0.019	0.43
525.436	 601	3.16356e-317	2.96439e-323	2.11517e-317	0.992774	0	0.132	0.019	0.45
515.773	 601	3.16356e-317	2.96439e-323	2.11517e-317	0.992672	0	0.132	0.019	0.47
516.381	 601	3.16356e-317	2.96439e-323	2.11517e-317	0.992153	0	0.132	0.019	0.49
555.787	 601	3.16356e-317	2.96439e-323	2.11517e-317	1.0031	0	0.132	0.023	0.31
543.765	 601	3.16356e-317	2.96439e-323	2.11517e-317	1.00285	0	0.132	0.023	0.33
557.958	 601	3.16356e-317	2.96439e-323	2.11517e-317	1.00255	0	0.132	0.023	0.35
538.84	 601	3.16356e-317	2.96439e-323	2.11517e-317	1.00242	0	0.132	0.023	0.37
507.687	 601	3.16356e-317	2.96439e-323	2.11517e-317	0.997176	0	0.132	0.023	0.39
548.431	 601	3.16356e-317	2.96439e-323	2.11517e-317	0.996861	0	0.132	0.023	0.41
523.42	 601	3.16356e-317	2.96439e-323	2.11517e-317	0.996601	0	0.132	0.023	0.43
534.147	 601	3.16356e-317	2.96439e-323	2.11517e-317	0.996321	0	0.132	0.023	0.45
555.507	 601	3.16356e-317	2.96439e-323	2.11517e-317	0.99616	0	0.132	0.023	0.47
557.136	 601	3.16356e-317	2.96439e-323	2.11517e-317	0.992555	0	0.132	0.023	0.49
565.945	 601	3.16356e-317	2.96439e-323	2.11517e-317	1.0032	0	0.132	0.027	0.31
563.932	 601	3.16356e-317	2.96439e-323	2.11517e-317	1.00328	0	0.132	0.027	0.33
556.204	 601	3.16356e-317	2.96439e-323	2.11517e-317	1.00296	0	0.132	0.027	0.35
545.328	 601	3.16356e-317	2.96439e-323	2.11517e-317	1.00274	0	0.132	0.027	0.37
516.911	 601	3.16356e-317	2.96439e-323	2.11517e-317	1.00247	0	0.132	0.027	0.39
555.592	 601	3.16356e-317	2.96439e-323	2.11517e-317	0.997444	0	0.132	0.027	0.41
532.034	 601	3.16356e-317	2.96439e-323	2.11517e-317	0.997042	0	0.132	0.027	0.43
569.021	 601	3.16356e-317	2.96439e-323	2.11517e-317	0.996992	0	0.132	0.027	0.45
527.729	 601	3.16356e-317	2.96439e-323	2.11517e-317	0.996405	0	0.132	0.027	0.47
541.16	 601	3.16356e-317	2.96439e-323	2.11517e-317	0.996303	0	0.132	0.027	0.49
585.118	 601	3.16356e-317	2.96439e-323	2.11517e-317	1.00408	0	0.132	0.031	0.31
579.043	 601	3.16356e-317	2.96439e-323	2.11517e-317	1.00375	0	0.132	0.031	0.33
546.312	 601	3.16356e-317	2.96439e-323	2.11517e-317	1.00338	0	0.132	0.031	0.35
561.297	 601	3.16356e-317	2.96439e-323	2.11517e-317	1.00309	0	0.132	0.031	0.37
608.755	 601	3.16356e-317	2.96439e-323	2.11517e-317	1.00306	0	0.132	0.031	0.39
612.012	 601	3.16356e-317	2.96439e-323	2.11517e-317	1.00274	0	0.132	0.031	0.41
607.948	 601	3.16356e-317	2.96439e-323	2.11517e-317	1.00273	0	0.132	0.031	0.43
584.637	 601	3.16356e-317	2.96439e-323	2.11517e-317	0.997269	0	0.132	0.031	0.45
618.451	 601	3.16356e-317	2.96439e-323	2.11517e-317	0.997092	0	0.132	0.031	0.47
601.189	 601	3.16356e-317	2.96439e-323	2.11517e-317	0.996698	0	0.132	0.031	0.49
595.929	 601	3.16356e-317	2.96439e-323	2.11517e-317	1.00702	0	0.132	0.035	0.31
607.076	 601	3.16356e-317	2.96439e-323	2.11517e-317	1.00688	0	0.132	0.035	0.33
579.709	 601	3.16356e-317	2.96439e-323	2.11517e-317	1.00404	0	0.132	0.035	0.35
611.45	 601	3.16356e-317	2.96439e-323	2.11517e-317	1.00354	0	0.132	0.035	0.37
575.376	 601	3.16356e-317	2.96439e-323	2.11517e-317	1.00332	0	0.132	0.035	0.39
546.482	 601	3.16356e-317	2.96439e-323	2.11517e-317	1.00306	0	0.132	0.035	0.41
596.622	 601	3.16356e-317	2.96439e-323	2.11517e-317	1.0028	0	0.132	0.035	0.43
598.574	 601	3.16356e-317	2.96439e-323	2.11517e-317	1.00246	0	0.132	0.035	0.45
601.208	 601	3.16356e-317	2.96439e-323	2.11517e-317	0.997154	0	0.132	0.035	0.47
635.252	 601	3.16356e-317	2.96439e-323	2.11517e-317	0.997186	0	0.132	0.035	0.49
593.403	 601	3.16356e-317	2.96439e-323	2.11517e-317	1.00972	0	0.132	0.039	0.31
609.676	 601	3.16356e-317	2.96439e-323	2.11517e-317	1.00894	0	0.132	0.039	0.33
598.069	 601	3.16356e-317	2.96439e-323	2.11517e-317	1.00791	0	0.132	0.039	0.35
608.772	 601	3.16356e-317	2.96439e-323	2.11517e-317	1.00391	0	0.132	0.039	0.37
659.004	 601	3.16356e-317	2.96439e-323	2.11517e-317	1.00368	0	0.132	0.039	0.39
626.172	 601	3.16356e-317	2.96439e-323	2.11517e-317	1.00351	0	0.132	0.039	0.41
670.679	 601	3.16356e-317	2.96439e-323	2.11517e-317	1.00335	0	0.132	0.039	0.43
641.792	 601	3.16356e-317	2.96439e-323	2.11517e-317	1.0029	0	0.132	0.039	0.45
640.278	 601	3.16356e-317	2.96439e-323	2.11517e-317	1.00247	0	0.132	0.039	0.47
737.134	 601	3.16356e-317	2.96439e-323	2.11517e-317	1.00237	0	0.132	0.039	0.49
599.264	 601	3.16356e-317	2.96439e-323	2.11517e-317	1.01142	0	0.132	0.043	0.31
619.818	 601	3.16356e-317	2.96439e-323	2.11517e-317	1.01032	0	0.132	0.043	0.33
669.792	 601	3.16356e-317	2.96439e-323	2.11517e-317	1.00868	0	0.132	0.043	0.35
647.147	 601	3.16356e-317	2.96439e-323	2.11517e-317	1.00795	0	0.132	0.043	0.37
672.619	 601	3.16356e-317	2.96439e-323	2.11517e-317	1.00409	0	0.132	0.043	0.39
676.006	 601	3.16356e-317	2.96439e-323	2.11517e-317	1.00402	0	0.132	0.043	0.41
693.435	 601	3.16356e-317	2.96439e-323	2.11517e-317	1.00328	0	0.132	0.043	0.43
713.433	 601	3.16356e-317	2.96439e-323	2.11517e-317	1.00319	0	0.132	0.043	0.45
755.698	 601	3.16356e-317	2.96439e-323	2.11517e-317	1.00303	0	0.132	0.043	0.47
705.084	 601	3.16356e-317	2.96439e-323	2.11517e-317	1.00271	0	0.132	0.043	0.49
672.105	 601	3.16356e-317	2.96439e-323	2.11517e-317	1.01313	0	0.132	0.047	0.31
609.463	 601	3.16356e-317	2.96439e-323	2.11517e-317	1.01225	0	0.132	0.047	0.33
662.272	 601	3.16356e-317	2.96439e-323	2.11517e-317	1.01102	0	0.132	0.047	0.35
639.184	 601	3.16356e-317	2.96439e-323	2.11517e-317	1.00892	0	0.132	0.047	0.37
718.982	 601	3.16356e-317	2.96439e-323	2.11517e-317	1.00938	0	0.132	0.047	0.39
693.068	 601	3.16356e-317	2.96439e-323	2.11517e-317	1.00745	0	0.132	0.047	0.41
730.045	 601	3.16356e-317	2.96439e-323	2.11517e-317	1.00405	0	0.132	0.047	0.43
707.53	 601	3.16356e-317	2.96439e-323	2.11517e-317	1.00363	0	0.132	0.047	0.45
771.947	 601	3.16356e-317	2.96439e-323	2.11517e-317	1.00336	0	0.132	0.047	0.47
726.175	 601	3.16356e-317	2.96439e-323	2.11517e-317	1.00293	0	0.132	0.047	0.49
674.911	 601	3.16356e-317	2.96439e-323	2.11517e-317	0.997571	0	0.136	0.011	0.31
643.51	 601	3.16356e-317	2.96439e-323	2.11517e-317	0.997011	0	0.136	0.011	0.33
580.182	 601	3.16356e-317	2.96439e-323	2.11517e-317	0.996899	0	0.136	0.011	0.35
555.976	 601	3.16356e-317	2.96439e-323	2.11517e-317	0.996562	0	0.136	0.011	0.37
572.916	 601	3.16356e-317	2.96439e-323	2.11517e-317	0.993944	0	0.136	0.011	0.39
572.724	 601	3.16356e-317	2.96439e-323	2.11517e-317	0.992977	0	0.136	0.011	0.41
588.731	 601	3.16356e-317	2.96439e-323	2.11517e-317	0.992679	0	0.136	0.011	0.43
561.173	 601	3.16356e-317	2.96439e-323	2.11517e-317	0.992399	0	0.136	0.011	0.45
516.345	 601	3.16356e-317	2.96439e-323	2.11517e-317	0.99011	0	0.136	0.011	0.47
573.3	 601	3.16356e-317	2.96439e-323	2.11517e-317	0.989162	0	0.136	0.011	0.49
654.668	 601	3.16356e-317	2.96439e-323	2.11517e-317	1.00263	0	0.136	0.015	0.31
605.716	 601	3.16356e-317	2.96439e-323	2.11517e-317	1.00235	0	0.136	0.015	0.33
519.503	 601	3.16356e-317	2.96439e-323	2.11517e-317	0.997184	0	0.136	0.015	0.35
551.641	 601	3.16356e-317	2.96439e-323	2.11517e-317	0.996939	0	0.136	0.015	0.37
526.37	 601	3.16356e-317	2.96439e-323	2.11517e-317	0.996794	0	0.136	0.015	0.39
587.468	 601	3.16356e-317	2.96439e-323	2.11517e-317	0.996746	0	0.136	0.015	0.41
526.26	 601	3.16356e-317	2.96439e-323	2.11517e-317	0.993575	0	0.136	0.015	0.43
563.665	 601	3.16356e-317	2.96439e-323	2.11517e-317	0.993024	0	0.136	0.015	0.45
470.533	 601	3.16356e-317	2.96439e-323	2.11517e-317	0.991992	0	0.136	0.015	0.47
593.409	 601	3.16356e-317	2.96439e-323	2.11517e-317	0.992362	0	0.136	0.015	0.49
584.455	 601	3.16356e-317	2.96439e-323	2.11517e-317	1.0029	0	0.136	0.019	0.31
545.372	 601	3.16356e-317	2.96439e-323	2.11517e-317	1.00295	0	0.136	0.019	0.33
537.868	 601	3.16356e-317	2.96439e-323	2.11517e-317	1.00262	0	0.136	0.019	0.35
611.278	 601	3.16356e-317	2.96439e-323	2.11517e-317	1.00252	0	0.136	0.019	0.37
520.573	 601	3.16356e-317	2.96439e-323	2.11517e-317	0.99749	0	0.136	0.019	0.39
535.184	 601	3.16356e-317	2.96439e-323	2.11517e-317	0.997038	0	0.136	0.019	0.41
524.616	 601	3.16356e-317	2.96439e-323	2.11517e-317	0.996791	0	0.136	0.019	0.43
538.626	 601	3.16356e-317	2.96439e-323	2.11517e-317	0.99635	0	0.136	0.019	0.45
539.048	 601	3.16356e-317	2.96439e-323	2.11517e-317	0.994303	0	0.136	0.019	0.47
610.83	 601	3.16356e-317	2.96439e-323	2.11517e-317	0.996099	0	0.136	0.019	0.49
541.648	 601	3.16356e-317	2.96439e-323	2.11517e-317	1.0033	0	0.136	0.023	0.31
538.013	 601	3.16356e-317	2.96439e-323	2.11517e-317	1.00299	0	0.136	0.023	0.33
556.403	 601	3.16356e-317	2.96439e-323	2.11517e-317	1.00282	0	0.136	0.023	0.35
552.037	 601	3.16356e-317	2.96439e-323	2.11517e-317	1.0028	0	0.136	0.023	0.37
553.115	 601	3.16356e-317	2.96439e-323	2.11517e-317	1.00255	0	0.136	0.023	0.39
543.452	 601	3.16356e-317	2.96439e-323	2.11517e-317	0.997739	0	0.136	0.023	0.41
597.641	 601	3.16356e-317	2.96439e-323	2.11517e-317	0.997371	0	0.136	0.023	0.43
518.569	 601	3.16356e-317	2.96439e-323	2.11517e-317	0.996674	0	0.136	0.023	0.45
583.189	 601	3.16356e-317	2.96439e-323	2.11517e-317	0.996629	0	0.136	0.023	0.47
562.831	 601	3.16356e-317	2.96439e-323	2.11517e-317	0.996192	0	0.136	0.023	0.49
602.155	 601	3.16356e-317	2.96439e-323	2.11517e-317	1.0039	0	0.136	0.027	0.31
561.031	 601	3.16356e-317	2.96439e-323	2.11517e-317	1.00579	0	0.136	0.027	0.33
515.728	 601	3.16356e-317	2.96439e-323	2.11517e-317	1.00354	0	0.136	0.027	0.35
511.567	 601	3.16356e-317	2.96439e-323	2.11517e-317	1.00314	0	0.136	0.027	0.37
549.814	 601	3.16356e-317	2.96439e-323	2.11517e-317	1.00287	0	0.136	0.027	0.39
566.424	 601	3.16356e-317	2.96439e-323	2.11517e-317	1.00268	0	0.136	0.027	0.41
641.737	 601	3.16356e-317	2.96439e-323	2.11517e-317	0.997381	0	0.136	0.027	0.43
575.474	 601	3.16356e-317	2.96439e-323	2.11517e-317	0.997071	0	0.136	0.027	0.45
587.543	 601	3.16356e-317	2.96439e-323	2.11517e-317	0.997002	0	0.136	0.027	0.47
564.2	 601	3.16356e-317	2.96439e-323	2.11517e-317	0.996433	0	0.136	0.027	0.49
604.526	 601	3.16356e-317	2.96439e-323	2.11517e-317	1.00807	0	0.136	0.031	0.31
647.315	 601	3.16356e-317	2.96439e-323	2.11517e-317	1.00407	0	0.136	0.031	0.33
536.639	 601	3.16356e-317	2.96439e-323	2.11517e-317	1.00379	0	0.136	0.031	0.35
554.883	 601	3.16356e-317	2.96439e-323	2.11517e-317	1.00391	0	0.136	0.031	0.37
568.052	 601	3.16356e-317	2.96439e-323	2.11517e-317	1.00327	0	0.136	0.031	0.39
591.766	 601	3.16356e-317	2.96439e-323	2.11517e-317	1.00311	0	0.136	0.031	0.41
561.916	 601	3.16356e-317	2.96439e-323	2.11517e-317	1.0027	0	0.136	0.031	0.43
620.972	 601	3.16356e-317	2.96439e-323	2.11517e-317	1.00279	0	0.136	0.031	0.45
630.624	 601	3.16356e-317	2.96439e-323	2.11517e-317	0.99738	0	0.136	0.031	0.47
691.38	 601	3.16356e-317	2.96439e-323	2.11517e-317	0.99718	0	0.136	0.031	0.49
579.126	 601	3.16356e-317	2.96439e-323	2.11517e-317	1.01096	0	0.136	0.035	0.31
625.359	 601	3.16356e-317	2.96439e-323	2.11517e-317	1.00761	0	0.136	0.035	0.33
644.36	 601	3.16356e-317	2.96439e-323	2.11517e-317	1.00406	0	0.136	0.035	0.35
590.762	 601	3.16356e-317	2.96439e-323	2.11517e-317	1.00679	0	0.136	0.035	0.37
635.02	 601	3.16356e-317	2.96439e-323	2.11517e-317	1.00364	0	0.136	0.035	0.39
548.673	 601	3.16356e-317	2.96439e-323	2.11517e-317	1.00372	0	0.136	0.035	0.41
625.566	 601	3.16356e-317	2.96439e-323	2.11517e-317	1.00328	0	0.136	0.035	0.43
626.577	 601	3.16356e-317	2.96439e-323	2.11517e-317	1.00309	0	0.136	0.035	0.45
620.277	 601	3.16356e-317	2.96439e-323	2.11517e-317	1.00251	0	0.136	0.035	0.47
708.983	 601	3.16356e-317	2.96439e-323	2.11517e-317	1.00254	0	0.136	0.035	0.49
572.854	 601	3.16356e-317	2.96439e-323	2.11517e-317	1.01152	0	0.136	0.039	0.31
606.139	 601	3.16356e-317	2.96439e-323	2.11517e-317	1.01008	0	0.136	0.039	0.33
600.254	 601	3.16356e-317	2.96439e-323	2.11517e-317	1.00977	0	0.136	0.039	0.35
658.296	 601	3.16356e-317	2.96439e-323	2.11517e-317	1.00405	0	0.136	0.039	0.37
657.207	 601	3.16356e-317	2.96439e-323	2.11517e-317	1.00388	0	0.136	0.039	0.39
683.089	 601	3.16356e-317	2.96439e-323	2.11517e-317	1.00401	0	0.136	0.039	0.41
682.729	 601	3.16356e-317	2.96439e-323	2.11517e-317	1.00384	0	0.136	0.039	0.43
655.094	 601	3.16356e-317	2.96439e-323	2.11517e-317	1.00341	0	0.136	0.039	0.45
652.957	 601	3.16356e-317	2.96439e-323	2.11517e-317	1.0031	0	0.136	0.039	0.47
705.159	 601	3.16356e-317	2.96439e-323	2.11517e-317	1.00297	0	0.136	0.039	0.49
641.301	 601	3.16356e-317	2.96439e-323	2.11517e-317	1.01238	0	0.136	0.043	0.31
647.565	 601	3.16356e-317	2.96439e-323	2.11517e-317	1.01169	0	0.136	0.043	0.33
643.246	 601	3.16356e-317	2.96439e-323	2.11517e-317	1.01054	0	0.136	0.043	0.35
639.688	 601	3.16356e-317	2.96439e-323	2.11517e-317	1.01102	0	0.136	0.043	0.37
672.7	 601	3.16356e-317	2.96439e-323	2.11517e-317	1.00886	0	0.136	0.043	0.39
685.932	 601	3.16356e-317	2.96439e-323	2.11517e-317	1.00721	0	0.136	0.043	0.41
669.405	 601	3.16356e-317	2.96439e-323	2.11517e-317	1.00575	0	0.136	0.043	0.43
788.363	 601	3.16356e-317	2.96439e-323	2.11517e-317	1.00378	0	0.136	0.043	0.45
721.336	 601	3.16356e-317	2.96439e-323	2.11517e-317	1.00342	0	0.136	0.043	0.47
698.084	 601	3.16356e-317	2.96439e-323	2.11517e-317	1.00307	0	0.136	0.043	0.49
733.547	 601	3.16356e-317	2.96439e-323	2.11517e-317	1.01512	0	0.136	0.047	0.31
666.581	 601	3.16356e-317	2.96439e-323	2.11517e-317	1.01211	0	0.136	0.047	0.33
625.964	 601	3.16356e-317	2.96439e-323	2.11517e-317	1.01202	0	0.136	0.047	0.35
700.632	 601	3.16356e-317	2.96439e-323	2.11517e-317	1.01127	0	0.136	0.047	0.37
758.053	 601	3.16356e-317	2.96439e-323	2.11517e-317	1.01017	0	0.136	0.047	0.39
709.831	 601	3.16356e-317	2.96439e-323	2.11517e-317	1.00969	0	0.136	0.047	0.41
829.893	 601	3.16356e-317	2.96439e-323	2.11517e-317	1.00403	0	0.136	0.047	0.43
726.652	 601	3.16356e-317	2.96439e-323	2.11517e-317	1.00627	0	0.136	0.047	0.45
792.475	 601	3.16356e-317	2.96439e-323	2.11517e-317	1.00579	0	0.136	0.047	0.47
800.59	 601	3.16356e-317	2.96439e-323	2.11517e-317	1.00347	0	0.136	0.047	0.49
666.764	 601	3.16356e-317	2.96439e-323	2.11517e-317	1.00256	0	0.14	0.011	0.31
646.463	 601	3.16356e-317	2.96439e-323	2.11517e-317	0.997635	0	0.14	0.011	0.33
614.623	 601	3.16356e-317	2.96439e-323	2.11517e-317	0.997118	0	0.14	0.011	0.35
549.389	 601	3.16356e-317	2.96439e-323	2.11517e-317	0.996996	0	0.14	0.011	0.37
571.965	 601	3.16356e-317	2.96439e-323	2.11517e-317	0.996934	0	0.14	0.011	0.39
574.441	 601	3.16356e-317	2.96439e-323	2.11517e-317	0.996488	0	0.14	0.011	0.41
509.397	 601	3.16356e-317	2.96439e-323	2.11517e-317	0.993686	0	0.14	0.011	0.43
564.893	 601	3.16356e-317	2.96439e-323	2.11517e-317	0.996204	0	0.14	0.011	0.45
607.2	 601	3.16356e-317	2.96439e-323	2.11517e-317	0.996102	0	0.14	0.011	0.47
509.501	 601	3.16356e-317	2.96439e-323	2.11517e-317	0.98994	0	0.14	0.011	0.49
604.484	 601	3.16356e-317	2.96439e-323	2.11517e-317	1.00317	0	0.14	0.015	0.31
559.421	 601	3.16356e-317	2.96439e-323	2.11517e-317	1.00303	0	0.14	0.015	0.33
600.726	 601	3.16356e-317	2.96439e-323	2.11517e-317	1.0027	0	0.14	0.015	0.35
537.514	 601	3.16356e-317	2.96439e-323	2.11517e-317	0.997614	0	0.14	0.015	0.37
555.831	 601	3.16356e-317	2.96439e-323	2.11517e-317	0.997138	0	0.14	0.015	0.39
517.96	 601	3.16356e-317	2.96439e-323	2.11517e-317	0.996878	0	0.14	0.015	0.41
524.332	 601	3.16356e-317	2.96439e-323	2.11517e-317	0.996686	0	0.14	0.015	0.43
510.467	 601	3.16356e-317	2.96439e-323	2.11517e-317	0.99645	0	0.14	0.015	0.45
565.968	 601	3.16356e-317	2.96439e-323	2.11517e-317	0.996035	0	0.14	0.015	0.47
591.22	 601	3.16356e-317	2.96439e-323	2.11517e-317	0.996131	0	0.14	0.015	0.49
556.477	 601	3.16356e-317	2.96439e-323	2.11517e-317	1.00347	0	0.14	0.019	0.31
545.176	 601	3.16356e-317	2.96439e-323	2.11517e-317	1.0034	0	0.14	0.019	0.33
590.769	 601	3.16356e-317	2.96439e-323	2.11517e-317	1.00299	0	0.14	0.019	0.35
542.763	 601	3.16356e-317	2.96439e-323	2.11517e-317	1.00282	0	0.14	0.019	0.37
568.363	 601	3.16356e-317	2.96439e-323	2.11517e-317	1.00252	0	0.14	0.019	0.39
548.337	 601	3.16356e-317	2.96439e-323	2.11517e-317	0.997414	0	0.14	0.019	0.41
505.585	 601	3.16356e-317	2.96439e-323	2.11517e-317	0.997142	0	0.14	0.019	0.43
526.088	 601	3.16356e-317	2.96439e-323	2.11517e-317	0.996772	0	0.14	0.019	0.45
568.022	 601	3.16356e-317	2.96439e-323	2.11517e-317	0.996704	0	0.14	0.019	0.47
604.12	 601	3.16356e-317	2.96439e-323	2.11517e-317	0.996517	0	0.14	0.019	0.49
602.975	 601	3.16356e-317	2.96439e-323	2.11517e-317	1.0076	0	0.14	0.023	0.31
585.901	 601	3.16356e-317	2.96439e-323	2.11517e-317	1.0039	0	0.14	0.023	0.33
533.358	 601	3.16356e-317	2.96439e-323	2.11517e-317	1.00364	0	0.14	0.023	0.35
531.197	 601	3.16356e-317	2.96439e-323	2.11517e-317	1.00319	0	0.14	0.023	0.37
544.931	 601	3.16356e-317	2.96439e-323	2.11517e-317	1.00276	0	0.14	0.023	0.39
545.636	 601	3.16356e-317	2.96439e-323	2.11517e-317	1.00274	0	0.14	0.023	0.41
540.575	 601	3.16356e-317	2.96439e-323	2.11517e-317	0.99749	0	0.14	0.023	0.43
584.429	 601	3.16356e-317	2.96439e-323	2.11517e-317	0.997642	0	0.14	0.023	0.45
566.843	 601	3.16356e-317	2.96439e-323	2.11517e-317	0.996915	0	0.14	0.023	0.47
593.713	 601	3.16356e-317	2.96439e-323	2.11517e-317	0.996885	0	0.14	0.023	0.49
621.094	 601	3.16356e-317	2.96439e-323	2.11517e-317	1.00973	0	0.14	0.027	0.31
581.648	 601	3.16356e-317	2.96439e-323	2.11517e-317	1.00745	0	0.14	0.027	0.33
534.215	 601	3.16356e-317	2.96439e-323	2.11517e-317	1.00375	0	0.14	0.027	0.35
594.781	 601	3.16356e-317	2.96439e-323	2.11517e-317	1.00349	0	0.14	0.027	0.37
537.753	 601	3.16356e-317	2.96439e-323	2.11517e-317	1.00339	0	0.14	0.027	0.39
516.562	 601	3.16356e-317	2.96439e-323	2.11517e-317	1.00322	0	0.14	0.027	0.41
527.363	 601	3.16356e-317	2.96439e-323	2.11517e-317	1.00279	0	0.14	0.027	0.43
627.707	 601	3.16356e-317	2.96439e-323	2.11517e-317	1.0026	0	0.14	0.027	0.45
615.406	 601	3.16356e-317	2.96439e-323	2.11517e-317	0.997572	0	0.14	0.027	0.47
651.469	 601	3.16356e-317	2.96439e-323	2.11517e-317	0.997192	0	0.14	0.027	0.49
614.305	 601	3.16356e-317	2.96439e-323	2.11517e-317	1.01002	0	0.14	0.031	0.31
553.708	 601	3.16356e-317	2.96439e-323	2.11517e-317	1.01022	0	0.14	0.031	0.33
562.85	 601	3.16356e-317	2.96439e-323	2.11517e-317	1.00765	0	0.14	0.031	0.35
599.91	 601	3.16356e-317	2.96439e-323	2.11517e-317	1.00647	0	0.14	0.031	0.37
573.241	 601	3.16356e-317	2.96439e-323	2.11517e-317	1.00394	0	0.14	0.031	0.39
599.552	 601	3.16356e-317	2.96439e-323	2.11517e-317	1.00343	0	0.14	0.031	0.41
573.407	 601	3.16356e-317	2.96439e-323	2.11517e-317	1.00355	0	0.14	0.031	0.43
639.38	 601	3.16356e-317	2.96439e-323	2.11517e-317	1.00312	0	0.14	0.031	0.45
612.508	 601	3.16356e-317	2.96439e-323	2.11517e-317	1.00265	0	0.14	0.031	0.47
711.551	 601	3.16356e-317	2.96439e-323	2.11517e-317	1.00243	0	0.14	0.031	0.49
555.381	 601	3.16356e-317	2.96439e-323	2.11517e-317	1.01164	0	0.14	0.035	0.31
642.744	 601	3.16356e-317	2.96439e-323	2.11517e-317	1.01118	0	0.14	0.035	0.33
602.407	 601	3.16356e-317	2.96439e-323	2.11517e-317	1.01004	0	0.14	0.035	0.35
573.46	 601	3.16356e-317	2.96439e-323	2.11517e-317	1.00807	0	0.14	0.035	0.37
606.822	 601	3.16356e-317	2.96439e-323	2.11517e-317	1.00727	0	0.14	0.035	0.39
602.872	 601	3.16356e-317	2.96439e-323	2.11517e-317	1.00375	0	0.14	0.035	0.41
655.133	 601	3.16356e-317	2.96439e-323	2.11517e-317	1.00374	0	0.14	0.035	0.43
614.282	 601	3.16356e-317	2.96439e-323	2.11517e-317	1.00343	0	0.14	0.035	0.45
660.662	 601	3.16356e-317	2.96439e-323	2.11517e-317	1.00303	0	0.14	0.035	0.47
623.065	 601	3.16356e-317	2.96439e-323	2.11517e-317	1.00283	0	0.14	0.035	0.49
624.658	 601	3.16356e-317	2.96439e-323	2.11517e-317	1.01146	0	0.14	0.039	0.31
623.175	 601	3.16356e-317	2.96439e-323	2.11517e-317	1.01138	0	0.14	0.039	0.33
615.555	 601	3.16356e-317	2.96439e-323	2.11517e-317	1.01106	0	0.14	0.039	0.35
632.909	 601	3.16356e-317	2.96439e-323	2.11517e-317	1.0089	0	0.14	0.039	0.37
653.808	 601	3.16356e-317	2.96439e-323	2.11517e-317	1.0079	0	0.14	0.039	0.39
659.606	 601	3.16356e-317	2.96439e-323	2.11517e-317	1.0074	0	0.14	0.039	0.41
649.242	 601	3.16356e-317	2.96439e-323	2.11517e-317	1.00393	0	0.14	0.039	0.43
731.055	 601	3.16356e-317	2.96439e-323	2.11517e-317	1.00383	0	0.14	0.039	0.45
674.049	 601	3.16356e-317	2.96439e-323	2.11517e-317	1.0036	0	0.14	0.039	0.47
756.925	 601	3.16356e-317	2.96439e-323	2.11517e-317	1.00334	0	0.14	0.039	0.49
632.618	 601	3.16356e-317	2.96439e-323	2.11517e-317	1.0149	0	0.14	0.043	0.31
669.108	 601	3.16356e-317	2.96439e-323	2.11517e-317	1.01336	0	0.14	0.043	0.33
667.541	 601	3.16356e-317	2.96439e-323	2.11517e-317	1.01144	0	0.14	0.043	0.35
644.204	 601	3.16356e-317	2.96439e-323	2.11517e-317	1.01066	0	0.14	0.043	0.37
709.741	 601	3.16356e-317	2.96439e-323	2.11517e-317	1.01049	0	0.14	0.043	0.39
748.321	 601	3.16356e-317	2.96439e-323	2.11517e-317	1.00985	0	0.14	0.043	0.41
680.689	 601	3.16356e-317	2.96439e-323	2.11517e-317	1.00744	0	0.14	0.043	0.43
768.621	 601	3.16356e-317	2.96439e-323	2.11517e-317	1.00379	0	0.14	0.043	0.45
752.75	 601	3.16356e-317	2.96439e-323	2.11517e-317	1.00401	0	0.14	0.043	0.47
871.783	 601	3.16356e-317	2.96439e-323	2.11517e-317	1.00491	0	0.14	0.043	0.49
650.23	 601	3.16356e-317	2.96439e-323	2.11517e-317	1.01708	0	0.14	0.047	0.31
686.432	 601	3.16356e-317	2.96439e-323	2.11517e-317	1.01548	0	0.14	0.047	0.33
705.951	 601	3.16356e-317	2.96439e-323	2.11517e-317	1.01465	0	0.14	0.047	0.35
728.591	 601	3.16356e-317	2.96439e-323	2.11517e-317	1.01385	0	0.14	0.047	0.37
777.919	 601	3.16356e-317	2.96439e-323	2.11517e-317	1.01225	0	0.14	0.047	0.39
779.521	 601	3.16356e-317	2.96439e-323	2.11517e-317	1.01093	0	0.14	0.047	0.41
757.382	 601	3.16356e-317	2.96439e-323	2.11517e-317	1.00803	0	0.14	0.047	0.43
821.445	 601	3.16356e-317	2.96439e-323	2.11517e-317	1.00769	0	0.14	0.047	0.45
826.985	 601	3.16356e-317	2.96439e-323	2.11517e-317	1.00773	0	0.14	0.047	0.47
946.511	 601	3.16356e-317	2.96439e-323	2.11517e-317	1.00383	0	0.14	0.047	0.49
583.569	 601	3.16356e-317	2.96439e-323	2.11517e-317	1.00298	0	0.144	0.011	0.31
564.699	 601	3.16356e-317	2.96439e-323	2.11517e-317	1.00277	0	0.144	0.011	0.33
617.021	 601	3.16356e-317	2.96439e-323	2.11517e-317	1.00255	0	0.144	0.011	0.35
581.772	 601	3.16356e-317	2.96439e-323	2.11517e-317	0.997564	0	0.144	0.011	0.37
571.195	 601	3.16356e-317	2.96439e-323	2.11517e-317	0.997111	0	0.144	0.011	0.39
499.18	 601	3.16356e-317	2.96439e-323	2.11517e-317	0.996735	0	0.144	0.011	0.41
580.433	 601	3.16356e-317	2.96439e-323	2.11517e-317	0.997165	0	0.144	0.011	0.43
522.282	 601	3.16356e-317	2.96439e-323	2.11517e-317	0.996088	0	0.144	0.011	0.45
586.199	 601	3.16356e-317	2.96439e-323	2.11517e-317	0.996113	0	0.144	0.011	0.47
550.494	 601	3.16356e-317	2.96439e-323	2.11517e-317	0.993518	0	0.144	0.011	0.49
616.28	 601	3.16356e-317	2.96439e-323	2.11517e-317	1.00352	0	0.144	0.015	0.31
527.491	 601	3.16356e-317	2.96439e-323	2.11517e-317	1.00329	0	0.144	0.015	0.33
542.378	 601	3.16356e-317	2.96439e-323	2.11517e-317	1.003	0	0.144	0.015	0.35
550.572	 601	3.16356e-317	2.96439e-323	2.11517e-317	1.00272	0	0.144	0.015	0.37
528.181	 601	3.16356e-317	2.96439e-323	2.11517e-317	1.0026	0	0.144	0.015	0.39
539.344	 601	3.16356e-317	2.96439e-323	2.11517e-317	0.997351	0	0.144	0.015	0.41
536.993	 601	3.16356e-317	2.96439e-323	2.11517e-317	0.997192	0	0.144	0.015	0.43
551.923	 601	3.16356e-317	2.96439e-323	2.11517e-317	0.997081	0	0.144	0.015	0.45
540.625	 601	3.16356e-317	2.96439e-323	2.11517e-317	0.996792	0	0.144	0.015	0.47
544.813	 601	3.16356e-317	2.96439e-323	2.11517e-317	0.996126	0	0.144	0.015	0.49
616.979	 601	3.16356e-317	2.96439e-323	2.11517e-317	1.00386	0	0.144	0.019	0.31
597.818	 601	3.16356e-317	2.96439e-323	2.11517e-317	1.00375	0	0.144	0.019	0.33
552.473	 601	3.16356e-317	2.96439e-323	2.11517e-317	1.0035	0	0.144	0.019	0.35
510.867	 601	3.16356e-317	2.96439e-323	2.11517e-317	1.00315	0	0.144	0.019	0.37
529.715	 601	3.16356e-317	2.96439e-323	2.11517e-317	1.00274	0	0.144	0.019	0.39
546.837	 601	3.16356e-317	2.96439e-323	2.11517e-317	1.00264	0	0.144	0.019	0.41
607.992	 601	3.16356e-317	2.96439e-323	2.11517e-317	1.00257	0	0.144	0.019	0.43
518.631	 601	3.16356e-317	2.96439e-323	2.11517e-317	0.997312	0	0.144	0.019	0.45
543.352	 601	3.16356e-317	2.96439e-323	2.11517e-317	0.996899	0	0.144	0.019	0.47
541.397	 601	3.16356e-317	2.96439e-323	2.11517e-317	0.996748	0	0.144	0.019	0.49
561.751	 601	3.16356e-317	2.96439e-323	2.11517e-317	1.00792	0	0.144	0.023	0.31
624.085	 601	3.16356e-317	2.96439e-323	2.11517e-317	1.00407	0	0.144	0.023	0.33
531.641	 601	3.16356e-317	2.96439e-323	2.11517e-317	1.00596	0	0.144	0.023	0.35
587.104	 601	3.16356e-317	2.96439e-323	2.11517e-317	1.00353	0	0.144	0.023	0.37
565.217	 601	3.16356e-317	2.96439e-323	2.11517e-317	1.00345	0	0.144	0.023	0.39
534.87	 601	3.16356e-317	2.96439e-323	2.11517e-317	1.00307	0	0.144	0.023	0.41
548.118	 601	3.16356e-317	2.96439e-323	2.11517e-317	1.00262	0	0.144	0.023	0.43
555.568	 601	3.16356e-317	2.96439e-323	2.11517e-317	1.00241	0	0.144	0.023	0.45
551.692	 601	3.16356e-317	2.96439e-323	2.11517e-317	0.997308	0	0.144	0.023	0.47
539.471	 601	3.16356e-317	2.96439e-323	2.11517e-317	0.997188	0	0.144	0.023	0.49
558.578	 601	3.16356e-317	2.96439e-323	2.11517e-317	1.01125	0	0.144	0.027	0.31
580.359	 601	3.16356e-317	2.96439e-323	2.11517e-317	1.00922	0	0.144	0.027	0.33
586.547	 601	3.16356e-317	2.96439e-323	2.11517e-317	1.00757	0	0.144	0.027	0.35
531.036	 601	3.16356e-317	2.96439e-323	2.11517e-317	1.00713	0	0.144	0.027	0.37
567.642	 601	3.16356e-317	2.96439e-323	2.11517e-317	1.00361	0	0.144	0.027	0.39
564.646	 601	3.16356e-317	2.96439e-323	2.11517e-317	1.00332	0	0.144	0.027	0.41
543.541	 601	3.16356e-317	2.96439e-323	2.11517e-317	1.00319	0	0.144	0.027	0.43
580.124	 601	3.16356e-317	2.96439e-323	2.11517e-317	1.003	0	0.144	0.027	0.45
611.294	 601	3.16356e-317	2.96439e-323	2.11517e-317	1.00276	0	0.144	0.027	0.47
605.375	 601	3.16356e-317	2.96439e-323	2.11517e-317	1.00238	0	0.144	0.027	0.49
611.276	 601	3.16356e-317	2.96439e-323	2.11517e-317	1.01138	0	0.144	0.031	0.31
645.708	 601	3.16356e-317	2.96439e-323	2.11517e-317	1.01075	0	0.144	0.031	0.33
571.71	 601	3.16356e-317	2.96439e-323	2.11517e-317	1.0094	0	0.144	0.031	0.35
635.859	 601	3.16356e-317	2.96439e-323	2.11517e-317	1.00986	0	0.144	0.031	0.37
540.992	 601	3.16356e-317	2.96439e-323	2.11517e-317	1.00728	0	0.144	0.031	0.39
603.149	 601	3.16356e-317	2.96439e-323	2.11517e-317	1.00484	0	0.144	0.031	0.41
590.741	 601	3.16356e-317	2.96439e-323	2.11517e-317	1.00359	0	0.144	0.031	0.43
635.926	 601	3.16356e-317	2.96439e-323	2.11517e-317	1.00336	0	0.144	0.031	0.45
646.681	 601	3.16356e-317	2.96439e-323	2.11517e-317	1.00304	0	0.144	0.031	0.47
670.346	 601	3.16356e-317	2.96439e-323	2.11517e-317	1.00284	0	0.144	0.031	0.49
647.139	 601	3.16356e-317	2.96439e-323	2.11517e-317	1.01393	0	0.144	0.035	0.31
580.712	 601	3.16356e-317	2.96439e-323	2.11517e-317	1.01158	0	0.144	0.035	0.33
602.502	 601	3.16356e-317	2.96439e-323	2.11517e-317	1.01058	0	0.144	0.035	0.35
618.731	 601	3.16356e-317	2.96439e-323	2.11517e-317	1.01073	0	0.144	0.035	0.37
660.808	 601	3.16356e-317	2.96439e-323	2.11517e-317	1.00882	0	0.144	0.035	0.39
670.671	 601	3.16356e-317	2.96439e-323	2.11517e-317	1.0077	0	0.144	0.035	0.41
605.098	 601	3.16356e-317	2.96439e-323	2.11517e-317	1.00678	0	0.144	0.035	0.43
670.069	 601	3.16356e-317	2.96439e-323	2.11517e-317	1.00377	0	0.144	0.035	0.45
734.962	 601	3.16356e-317	2.96439e-323	2.11517e-317	1.00334	0	0.144	0.035	0.47
709.94	 601	3.16356e-317	2.96439e-323	2.11517e-317	1.00331	0	0.144	0.035	0.49
653.578	 601	3.16356e-317	2.96439e-323	2.11517e-317	1.01506	0	0.144	0.039	0.31
641.17	 601	3.16356e-317	2.96439e-323	2.11517e-317	1.01415	0	0.144	0.039	0.33
697.276	 601	3.16356e-317	2.96439e-323	2.11517e-317	1.01177	0	0.144	0.039	0.35
674.976	 601	3.16356e-317	2.96439e-323	2.11517e-317	1.01148	0	0.144	0.039	0.37
636.037	 601	3.16356e-317	2.96439e-323	2.11517e-317	1.01103	0	0.144	0.039	0.39
707.592	 601	3.16356e-317	2.96439e-323	2.11517e-317	1.01028	0	0.144	0.039	0.41
679.228	 601	3.16356e-317	2.96439e-323	2.11517e-317	1.00787	0	0.144	0.039	0.43
786.539	 601	3.16356e-317	2.96439e-323	2.11517e-317	1.0039	0	0.144	0.039	0.45
746.484	 601	3.16356e-317	2.96439e-323	2.11517e-317	1.00383	0	0.144	0.039	0.47
775.872	 601	3.16356e-317	2.96439e-323	2.11517e-317	1.00378	0	0.144	0.039	0.49
677.102	 601	3.16356e-317	2.96439e-323	2.11517e-317	1.01623	0	0.144	0.043	0.31
714.15	 601	3.16356e-317	2.96439e-323	2.11517e-317	1.0159	0	0.144	0.043	0.33
635.647	 601	3.16356e-317	2.96439e-323	2.11517e-317	1.01445	0	0.144	0.043	0.35
686.86	 601	3.16356e-317	2.96439e-323	2.11517e-317	1.01458	0	0.144	0.043	0.37
720.619	 601	3.16356e-317	2.96439e-323	2.11517e-317	1.01159	0	0.144	0.043	0.39
778.278	 601	3.16356e-317	2.96439e-323	2.11517e-317	1.01081	0	0.144	0.043	0.41
784.012	 601	3.16356e-317	2.96439e-323	2.11517e-317	1.0105	0	0.144	0.043	0.43
709.107	 601	3.16356e-317	2.96439e-323	2.11517e-317	1.0076	0	0.144	0.043	0.45
764.876	 601	3.16356e-317	2.96439e-323	2.11517e-317	1.00746	0	0.144	0.043	0.47
852.225	 601	3.16356e-317	2.96439e-323	2.11517e-317	1.00684	0	0.144	0.043	0.49
733.424	 601	3.16356e-317	2.96439e-323	2.11517e-317	1.01861	0	0.144	0.047	0.31
696.715	 601	3.16356e-317	2.96439e-323	2.11517e-317	1.01591	0	0.144	0.047	0.33
731.728	 601	3.16356e-317	2.96439e-323	2.11517e-317	1.01496	0	0.144	0.047	0.35
754.631	 601	3.16356e-317	2.96439e-323	2.11517e-317	1.01524	0	0.144	0.047	0.37
781.499	 601	3.16356e-317	2.96439e-323	2.11517e-317	1.01367	0	0.144	0.047	0.39
737.351	 601	3.16356e-317	2.96439e-323	2.11517e-317	1.01408	0	0.144	0.047	0.41
765.065	 601	3.16356e-317	2.96439e-323	2.11517e-317	1.01056	0	0.144	0.047	0.43
795.136	 601	3.16356e-317	2.96439e-323	2.11517e-317	1.01069	0	0.144	0.047	0.45
885.941	 601	3.16356e-317	2.96439e-323	2.11517e-317	1.00934	0	0.144	0.047	0.47
892.172	 601	3.16356e-317	2.96439e-323	2.11517e-317	1.00749	0	0.144	0.047	0.49
597.382	 601	3.16356e-317	2.96439e-323	2.11517e-317	1.00334	0	0.148	0.011	0.31
560.812	 601	3.16356e-317	2.96439e-323	2.11517e-317	1.0034	0	0.148	0.011	0.33
564.734	 601	3.16356e-317	2.96439e-323	2.11517e-317	1.00292	0	0.148	0.011	0.35
540.038	 601	3.16356e-317	2.96439e-323	2.11517e-317	1.00281	0	0.148	0.011	0.37
556.782	 601	3.16356e-317	2.96439e-323	2.11517e-317	1.00238	0	0.148	0.011	0.39
538.946	 601	3.16356e-317	2.96439e-323	2.11517e-317	0.997312	0	0.148	0.011	0.41
506.991	 601	3.16356e-317	2.96439e-323	2.11517e-317	0.997228	0	0.148	0.011	0.43
540.47	 601	3.16356e-317	2.96439e-323	2.11517e-317	0.996793	0	0.148	0.011	0.45
561.518	 601	3.16356e-317	2.96439e-323	2.11517e-317	0.996637	0	0.148	0.011	0.47
556.756	 601	3.16356e-317	2.96439e-323	2.11517e-317	0.996472	0	0.148	0.011	0.49
619.678	 601	3.16356e-317	2.96439e-323	2.11517e-317	1.00391	0	0.148	0.015	0.31
573.347	 601	3.16356e-317	2.96439e-323	2.11517e-317	1.00337	0	0.148	0.015	0.33
554.565	 601	3.16356e-317	2.96439e-323	2.11517e-317	1.0032	0	0.148	0.015	0.35
555.587	 601	3.16356e-317	2.96439e-323	2.11517e-317	1.00318	0	0.148	0.015	0.37
550.582	 601	3.16356e-317	2.96439e-323	2.11517e-317	1.00307	0	0.148	0.015	0.39
535.748	 601	3.16356e-317	2.96439e-323	2.11517e-317	1.00258	0	0.148	0.015	0.41
571.835	 601	3.16356e-317	2.96439e-323	2.11517e-317	0.997599	0	0.148	0.015	0.43
518.876	 601	3.16356e-317	2.96439e-323	2.11517e-317	0.997266	0	0.148	0.015	0.45
546.412	 601	3.16356e-317	2.96439e-323	2.11517e-317	0.997011	0	0.148	0.015	0.47
544.658	 601	3.16356e-317	2.96439e-323	2.11517e-317	0.996716	0	0.148	0.015	0.49
600.294	 601	3.16356e-317	2.96439e-323	2.11517e-317	1.00741	0	0.148	0.019	0.31
563.488	 601	3.16356e-317	2.96439e-323	2.11517e-317	1.00733	0	0.148	0.019	0.33
532.163	 601	3.16356e-317	2.96439e-323	2.11517e-317	1.0059	0	0.148	0.019	0.35
511.918	 601	3.16356e-317	2.96439e-323	2.11517e-317	1.00378	0	0.148	0.019	0.37
511.001	 601	3.16356e-317	2.96439e-323	2.11517e-317	1.0034	0	0.148	0.019	0.39
532.938	 601	3.16356e-317	2.96439e-323	2.11517e-317	1.00299	0	0.148	0.019	0.41
516.459	 601	3.16356e-317	2.96439e-323	2.11517e-317	1.00273	0	0.148	0.019	0.43
552.536	 601	3.16356e-317	2.96439e-323	2.11517e-317	1.00232	0	0.148	0.019	0.45
590.78	 601	3.16356e-317	2.96439e-323	2.11517e-317	0.997377	0	0.148	0.019	0.47
557.641	 601	3.16356e-317	2.96439e-323	2.11517e-317	0.997031	0	0.148	0.019	0.49
562.084	 601	3.16356e-317	2.96439e-323	2.11517e-317	1.0098	0	0.148	0.023	0.31
588.506	 601	3.16356e-317	2.96439e-323	2.11517e-317	1.01022	0	0.148	0.023	0.33
567.501	 601	3.16356e-317	2.96439e-323	2.11517e-317	1.00911	0	0.148	0.023	0.35
530.782	 601	3.16356e-317	2.96439e-323	2.11517e-317	1.00379	0	0.148	0.023	0.37
532.953	 601	3.16356e-317	2.96439e-323	2.11517e-317	1.0033	0	0.148	0.023	0.39
557.098	 601	3.16356e-317	2.96439e-323	2.11517e-317	1.00342	0	0.148	0.023	0.41
545.119	 601	3.16356e-317	2.96439e-323	2.11517e-317	1.00316	0	0.148	0.023	0.43
588.661	 601	3.16356e-317	2.96439e-323	2.11517e-317	1.00302	0	0.148	0.023	0.45
613.941	 601	3.16356e-317	2.96439e-323	2.11517e-317	1.00268	0	0.148	0.023	0.47
617.562	 601	3.16356e-317	2.96439e-323	2.11517e-317	0.997579	0	0.148	0.023	0.49
582.031	 601	3.16356e-317	2.96439e-323	2.11517e-317	1.01158	0	0.148	0.027	0.31
575.072	 601	3.16356e-317	2.96439e-323	2.11517e-317	1.01027	0	0.148	0.027	0.33
552.086	 601	3.16356e-317	2.96439e-323	2.11517e-317	1.00974	0	0.148	0.027	0.35
580.809	 601	3.16356e-317	2.96439e-323	2.11517e-317	1.00966	0	0.148	0.027	0.37
548.38	 601	3.16356e-317	2.96439e-323	2.11517e-317	1.00771	0	0.148	0.027	0.39
602.518	 601	3.16356e-317	2.96439e-323	2.11517e-317	1.00398	0	0.148	0.027	0.41
601.787	 601	3.16356e-317	2.96439e-323	2.11517e-317	1.00372	0	0.148	0.027	0.43
604.749	 601	3.16356e-317	2.96439e-323	2.11517e-317	1.00329	0	0.148	0.027	0.45
644.784	 601	3.16356e-317	2.96439e-323	2.11517e-317	1.00328	0	0.148	0.027	0.47
683.583	 601	3.16356e-317	2.96439e-323	2.11517e-317	1.00255	0	0.148	0.027	0.49
610.983	 601	3.16356e-317	2.96439e-323	2.11517e-317	1.01365	0	0.148	0.031	0.31
613.439	 601	3.16356e-317	2.96439e-323	2.11517e-317	1.01178	0	0.148	0.031	0.33
620.152	 601	3.16356e-317	2.96439e-323	2.11517e-317	1.01082	0	0.148	0.031	0.35
613.531	 601	3.16356e-317	2.96439e-323	2.11517e-317	1.01066	0	0.148	0.031	0.37
593.814	 601	3.16356e-317	2.96439e-323	2.11517e-317	1.00797	0	0.148	0.031	0.39
629.779	 601	3.16356e-317	2.96439e-323	2.11517e-317	1.00793	0	0.148	0.031	0.41
775.421	 601	3.16356e-317	2.96439e-323	2.11517e-317	1.0035	0	0.148	0.031	0.43
690.532	 601	3.16356e-317	2.96439e-323	2.11517e-317	1.00357	0	0.148	0.031	0.45
625.231	 601	3.16356e-317	2.96439e-323	2.11517e-317	1.00342	0	0.148	0.031	0.47
738.802	 601	3.16356e-317	2.96439e-323	2.11517e-317	1.00332	0	0.148	0.031	0.49
644.485	 601	3.16356e-317	2.96439e-323	2.11517e-317	1.01547	0	0.148	0.035	0.31
626.474	 601	3.16356e-317	2.96439e-323	2.11517e-317	1.01305	0	0.148	0.035	0.33
641.091	 601	3.16356e-317	2.96439e-323	2.11517e-317	1.01168	0	0.148	0.035	0.35
681.192	 601	3.16356e-317	2.96439e-323	2.11517e-317	1.0112	0	0.148	0.035	0.37
672.205	 601	3.16356e-317	2.96439e-323	2.11517e-317	1.01039	0	0.148	0.035	0.39
629.196	 601	3.16356e-317	2.96439e-323	2.11517e-317	1.01004	0	0.148	0.035	0.41
636.072	 601	3.16356e-317	2.96439e-323	2.11517e-317	1.00805	0	0.148	0.035	0.43
722.453	 601	3.16356e-317	2.96439e-323	2.11517e-317	1.00712	0	0.148	0.035	0.45
757.267	 601	3.16356e-317	2.96439e-323	2.11517e-317	1.00429	0	0.148	0.035	0.47
794.659	 601	3.16356e-317	2.96439e-323	2.11517e-317	1.00369	0	0.148	0.035	0.49
641.06	 601	3.16356e-317	2.96439e-323	2.11517e-317	1.0157	0	0.148	0.039	0.31
629.14	 601	3.16356e-317	2.96439e-323	2.11517e-317	1.01497	0	0.148	0.039	0.33
675.437	 601	3.16356e-317	2.96439e-323	2.11517e-317	1.01462	0	0.148	0.039	0.35
670.566	 601	3.16356e-317	2.96439e-323	2.11517e-317	1.01276	0	0.148	0.039	0.37
683.584	 601	3.16356e-317	2.96439e-323	2.11517e-317	1.01252	0	0.148	0.039	0.39
667.428	 601	3.16356e-317	2.96439e-323	2.11517e-317	1.0107	0	0.148	0.039	0.41
716.432	 601	3.16356e-317	2.96439e-323	2.11517e-317	1.01042	0	0.148	0.039	0.43
728.98	 601	3.16356e-317	2.96439e-323	2.11517e-317	1.00918	0	0.148	0.039	0.45
784.874	 601	3.16356e-317	2.96439e-323	2.11517e-317	1.00739	0	0.148	0.039	0.47
792.194	 601	3.16356e-317	2.96439e-323	2.11517e-317	1.00383	0	0.148	0.039	0.49
709.623	 601	3.16356e-317	2.96439e-323	2.11517e-317	1.01903	0	0.148	0.043	0.31
699.14	 601	3.16356e-317	2.96439e-323	2.11517e-317	1.01575	0	0.148	0.043	0.33
719.825	 601	3.16356e-317	2.96439e-323	2.11517e-317	1.0162	0	0.148	0.043	0.35
760.659	 601	3.16356e-317	2.96439e-323	2.11517e-317	1.01438	0	0.148	0.043	0.37
769.566	 601	3.16356e-317	2.96439e-323	2.11517e-317	1.01397	0	0.148	0.043	0.39
745.673	 601	3.16356e-317	2.96439e-323	2.11517e-317	1.01197	0	0.148	0.043	0.41
745.044	 601	3.16356e-317	2.96439e-323	2.11517e-317	1.011	0	0.148	0.043	0.43
795.206	 601	3.16356e-317	2.96439e-323	2.11517e-317	1.0105	0	0.148	0.043	0.45
828.004	 601	3.16356e-317	2.96439e-323	2.11517e-317	1.01037	0	0.148	0.043	0.47
826.375	 601	3.16356e-317	2.96439e-323	2.11517e-317	1.00766	0	0.148	0.043	0.49
690.629	 601	3.16356e-317	2.96439e-323	2.11517e-317	1.01896	0	0.148	0.047	0.31
788.927	 601	3.16356e-317	2.96439e-323	2.11517e-317	1.01749	0	0.148	0.047	0.33
758.393	 601	3.16356e-317	2.96439e-323	2.11517e-317	1.01631	0	0.148	0.047	0.35
725.956	 601	3.16356e-317	2.96439e-323	2.11517e-317	1.01623	0	0.148	0.047	0.37
778.568	 601	3.16356e-317	2.96439e-323	2.11517e-317	1.01542	0	0.148	0.047	0.39
865.277	 601	3.16356e-317	2.96439e-323	2.11517e-317	1.01502	0	0.148	0.047	0.41
859.408	 601	3.16356e-317	2.96439e-323	2.11517e-317	1.01122	0	0.148	0.047	0.43
864.563	 601	3.16356e-317	2.96439e-323	2.11517e-317	1.01169	0	0.148	0.047	0.45
859.052	 601	3.16356e-317	2.96439e-323	2.11517e-317	1.0112	0	0.148	0.047	0.47
938.497	 601	3.16356e-317	2.96439e-323	2.11517e-317	1.00992	0	0.148	0.047	0.49
536.886	 601	3.16356e-317	2.96439e-323	2.11517e-317	1.00382	0	0.152	0.011	0.31
577.426	 601	3.16356e-317	2.96439e-323	2.11517e-317	1.00345	0	0.152	0.011	0.33
547.573	 601	3.16356e-317	2.96439e-323	2.11517e-317	1.00334	0	0.152	0.011	0.35
500.527	 601	3.16356e-317	2.96439e-323	2.11517e-317	1.00313	0	0.152	0.011	0.37
584.55	 601	3.16356e-317	2.96439e-323	2.11517e-317	1.00304	0	0.152	0.011	0.39
539.368	 601	3.16356e-317	2.96439e-323	2.11517e-317	1.0026	0	0.152	0.011	0.41
550.491	 601	3.16356e-317	2.96439e-323	2.11517e-317	0.997387	0	0.152	0.011	0.43
560.377	 601	3.16356e-317	2.96439e-323	2.11517e-317	0.997297	0	0.152	0.011	0.45
539.737	 601	3.16356e-317	2.96439e-323	2.11517e-317	0.996884	0	0.152	0.011	0.47
555.716	 601	3.16356e-317	2.96439e-323	2.11517e-317	0.996615	0	0.152	0.011	0.49
629.467	 601	3.16356e-317	2.96439e-323	2.11517e-317	1.00879	0	0.152	0.015	0.31
547.573	 601	3.16356e-317	2.96439e-323	2.11517e-317	1.00784	0	0.152	0.015	0.33
579.477	 601	3.16356e-317	2.96439e-323	2.11517e-317	1.00362	0	0.152	0.015	0.35
507.451	 601	3.16356e-317	2.96439e-323	2.11517e-317	1.0033	0	0.152	0.015	0.37
522.235	 601	3.16356e-317	2.96439e-323	2.11517e-317	1.00344	0	0.152	0.015	0.39
525.102	 601	3.16356e-317	2.96439e-323	2.11517e-317	1.00292	0	0.152	0.015	0.41
537.62	 601	3.16356e-317	2.96439e-323	2.11517e-317	1.0025	0	0.152	0.015	0.43
585.069	 601	3.16356e-317	2.96439e-323	2.11517e-317	1.00269	0	0.152	0.015	0.45
534.968	 601	3.16356e-317	2.96439e-323	2.11517e-317	0.997326	0	0.152	0.015	0.47
581.989	 601	3.16356e-317	2.96439e-323	2.11517e-317	0.997165	0	0.152	0.015	0.49
566.845	 601	3.16356e-317	2.96439e-323	2.11517e-317	1.01076	0	0.152	0.019	0.31
540.604	 601	3.16356e-317	2.96439e-323	2.11517e-317	1.00788	0	0.152	0.019	0.33
530.974	 601	3.16356e-317	2.96439e-323	2.11517e-317	1.00986	0	0.152	0.019	0.35
545.701	 601	3.16356e-317	2.96439e-323	2.11517e-317	1.00399	0	0.152	0.019	0.37
532.34	 601	3.16356e-317	2.96439e-323	2.11517e-317	1.00375	0	0.152	0.019	0.39
532.918	 601	3.16356e-317	2.96439e-323	2.11517e-317	1.00356	0	0.152	0.019	0.41
530.125	 601	3.16356e-317	2.96439e-323	2.11517e-317	1.00326	0	0.152	0.019	0.43
546.487	 601	3.16356e-317	2.96439e-323	2.11517e-317	1.00321	0	0.152	0.019	0.45
596.944	 601	3.16356e-317	2.96439e-323	2.11517e-317	1.0027	0	0.152	0.019	0.47
561.842	 601	3.16356e-317	2.96439e-323	2.11517e-317	1.00238	0	0.152	0.019	0.49
513.907	 601	3.16356e-317	2.96439e-323	2.11517e-317	1.0114	0	0.152	0.023	0.31
593.234	 601	3.16356e-317	2.96439e-323	2.11517e-317	1.01119	0	0.152	0.023	0.33
542.6	 601	3.16356e-317	2.96439e-323	2.11517e-317	1.00989	0	0.152	0.023	0.35
572.917	 601	3.16356e-317	2.96439e-323	2.11517e-317	1.00771	0	0.152	0.023	0.37
541.539	 601	3.16356e-317	2.96439e-323	2.11517e-317	1.00717	0	0.152	0.023	0.39
571.027	 601	3.16356e-317	2.96439e-323	2.11517e-317	1.00399	0	0.152	0.023	0.41
559.748	 601	3.16356e-317	2.96439e-323	2.11517e-317	1.00387	0	0.152	0.023	0.43
567.623	 601	3.16356e-317	2.96439e-323	2.11517e-317	1.00323	0	0.152	0.023	0.45
600.41	 601	3.16356e-317	2.96439e-323	2.11517e-317	1.00304	0	0.152	0.023	0.47
629.227	 601	3.16356e-317	2.96439e-323	2.11517e-317	1.00279	0	0.152	0.023	0.49
595.902	 601	3.16356e-317	2.96439e-323	2.11517e-317	1.01369	0	0.152	0.027	0.31
594.879	 601	3.16356e-317	2.96439e-323	2.11517e-317	1.01217	0	0.152	0.027	0.33
588.838	 601	3.16356e-317	2.96439e-323	2.11517e-317	1.0111	0	0.152	0.027	0.35
542.222	 601	3.16356e-317	2.96439e-323	2.11517e-317	1.00989	0	0.152	0.027	0.37
542.162	 601	3.16356e-317	2.96439e-323	2.11517e-317	1.00977	0	0.152	0.027	0.39
661.049	 601	3.16356e-317	2.96439e-323	2.11517e-317	1.0039	0	0.152	0.027	0.41
643.737	 601	3.16356e-317	2.96439e-323	2.11517e-317	1.00682	0	0.152	0.027	0.43
649.909	 601	3.16356e-317	2.96439e-323	2.11517e-317	1.00385	0	0.152	0.027	0.45
638.365	 601	3.16356e-317	2.96439e-323	2.11517e-317	1.00377	0	0.152	0.027	0.47
706.96	 601	3.16356e-317	2.96439e-323	2.11517e-317	1.00328	0	0.152	0.027	0.49
626.294	 601	3.16356e-317	2.96439e-323	2.11517e-317	1.01571	0	0.152	0.031	0.31
574.01	 601	3.16356e-317	2.96439e-323	2.11517e-317	1.01535	0	0.152	0.031	0.33
560.176	 601	3.16356e-317	2.96439e-323	2.11517e-317	1.01179	0	0.152	0.031	0.35
632.67	 601	3.16356e-317	2.96439e-323	2.11517e-317	1.01216	0	0.152	0.031	0.37
623.558	 601	3.16356e-317	2.96439e-323	2.11517e-317	1.01083	0	0.152	0.031	0.39
668.58	 601	3.16356e-317	2.96439e-323	2.11517e-317	1.01045	0	0.152	0.031	0.41
655.264	 601	3.16356e-317	2.96439e-323	2.11517e-317	1.00779	0	0.152	0.031	0.43
705.916	 601	3.16356e-317	2.96439e-323	2.11517e-317	1.00705	0	0.152	0.031	0.45
709.446	 601	3.16356e-317	2.96439e-323	2.11517e-317	1.00393	0	0.152	0.031	0.47
788.472	 601	3.16356e-317	2.96439e-323	2.11517e-317	1.0036	0	0.152	0.031	0.49
649.368	 601	3.16356e-317	2.96439e-323	2.11517e-317	1.01609	0	0.152	0.035	0.31
687.854	 601	3.16356e-317	2.96439e-323	2.11517e-317	1.015	0	0.152	0.035	0.33
667.079	 601	3.16356e-317	2.96439e-323	2.11517e-317	1.01478	0	0.152	0.035	0.35
663.574	 601	3.16356e-317	2.96439e-323	2.11517e-317	1.01338	0	0.152	0.035	0.37
695.54	 601	3.16356e-317	2.96439e-323	2.11517e-317	1.01187	0	0.152	0.035	0.39
672.44	 601	3.16356e-317	2.96439e-323	2.11517e-317	1.01122	0	0.152	0.035	0.41
686.328	 601	3.16356e-317	2.96439e-323	2.11517e-317	1.01043	0	0.152	0.035	0.43
748.43	 601	3.16356e-317	2.96439e-323	2.11517e-317	1.0094	0	0.152	0.035	0.45
745.565	 601	3.16356e-317	2.96439e-323	2.11517e-317	1.00733	0	0.152	0.035	0.47
793.077	 601	3.16356e-317	2.96439e-323	2.11517e-317	1.00716	0	0.152	0.035	0.49
721.675	 601	3.16356e-317	2.96439e-323	2.11517e-317	1.01825	0	0.152	0.039	0.31
640.232	 601	3.16356e-317	2.96439e-323	2.11517e-317	1.0169	0	0.152	0.039	0.33
775.693	 601	3.16356e-317	2.96439e-323	2.11517e-317	1.01546	0	0.152	0.039	0.35
651.222	 601	3.16356e-317	2.96439e-323	2.11517e-317	1.01474	0	0.152	0.039	0.37
729.984	 601	3.16356e-317	2.96439e-323	2.11517e-317	1.01393	0	0.152	0.039	0.39
787.377	 601	3.16356e-317	2.96439e-323	2.11517e-317	1.01119	0	0.152	0.039	0.41
769.181	 601	3.16356e-317	2.96439e-323	2.11517e-317	1.0112	0	0.152	0.039	0.43
812.751	 601	3.16356e-317	2.96439e-323	2.11517e-317	1.01107	0	0.152	0.039	0.45
769.355	 601	3.16356e-317	2.96439e-323	2.11517e-317	1.00862	0	0.152	0.039	0.47
869.805	 601	3.16356e-317	2.96439e-323	2.11517e-317	1.00783	0	0.152	0.039	0.49
722.717	 601	3.16356e-317	2.96439e-323	2.11517e-317	1.01908	0	0.152	0.043	0.31
718.524	 601	3.16356e-317	2.96439e-323	2.11517e-317	1.01875	0	0.152	0.043	0.33
735.804	 601	3.16356e-317	2.96439e-323	2.11517e-317	1.01706	0	0.152	0.043	0.35
740.039	 601	3.16356e-317	2.96439e-323	2.11517e-317	1.01567	0	0.152	0.043	0.37
752.264	 601	3.16356e-317	2.96439e-323	2.11517e-317	1.01581	0	0.152	0.043	0.39
783.256	 601	3.16356e-317	2.96439e-323	2.11517e-317	1.01511	0	0.152	0.043	0.41
817.203	 601	3.16356e-317	2.96439e-323	2.11517e-317	1.01322	0	0.152	0.043	0.43
913.794	 601	3.16356e-317	2.96439e-323	2.11517e-317	1.01144	0	0.152	0.043	0.45
884.942	 601	3.16356e-317	2.96439e-323	2.11517e-317	1.01093	0	0.152	0.043	0.47
894.409	 601	3.16356e-317	2.96439e-323	2.11517e-317	1.01056	0	0.152	0.043	0.49
815.515	 601	3.16356e-317	2.96439e-323	2.11517e-317	1.02165	0	0.152	0.047	0.31
777.153	 601	3.16356e-317	2.96439e-323	2.11517e-317	1.01966	0	0.152	0.047	0.33
773.01	 601	3.16356e-317	2.96439e-323	2.11517e-317	1.01956	0	0.152	0.047	0.35
809.738	 601	3.16356e-317	2.96439e-323	2.11517e-317	1.01658	0	0.152	0.047	0.37
789.613	 601	3.16356e-317	2.96439e-323	2.11517e-317	1.01574	0	0.152	0.047	0.39
838.515	 601	3.16356e-317	2.96439e-323	2.11517e-317	1.0159	0	0.152	0.047	0.41
842.693	 601	3.16356e-317	2.96439e-323	2.11517e-317	1.01509	0	0.152	0.047	0.43
874.64	 601	3.16356e-317	2.96439e-323	2.11517e-317	1.01433	0	0.152	0.047	0.45
931.211	 601	3.16356e-317	2.96439e-323	2.11517e-317	1.01221	0	0.152	0.047	0.47
949.108	 601	3.16356e-317	2.96439e-323	2.11517e-317	1.01144	0	0.152	0.047	0.49
586.355	 601	3.16356e-317	2.96439e-323	2.11517e-317	1.00914	0	0.156	0.011	0.31
559.301	 601	3.16356e-317	2.96439e-323	2.11517e-317	1.00397	0	0.156	0.011	0.33
526.271	 601	3.16356e-317	2.96439e-323	2.11517e-317	1.00365	0	0.156	0.011	0.35
571.83	 601	3.16356e-317	2.96439e-323	2.11517e-317	1.00346	0	0.156	0.011	0.37
511.181	 601	3.16356e-317	2.96439e-323	2.11517e-317	1.00343	0	0.156	0.011	0.39
525.002	 601	3.16356e-317	2.96439e-323	2.11517e-317	1.00299	0	0.156	0.011	0.41
506.13	 601	3.16356e-317	2.96439e-323	2.11517e-317	1.00271	0	0.156	0.011	0.43
538.133	 601	3.16356e-317	2.96439e-323	2.11517e-317	1.00268	0	0.156	0.011	0.45
544.869	 601	3.16356e-317	2.96439e-323	2.11517e-317	0.997456	0	0.156	0.011	0.47
515.501	 601	3.16356e-317	2.96439e-323	2.11517e-317	0.996993	0	0.156	0.011	0.49
552.381	 601	3.16356e-317	2.96439e-323	2.11517e-317	1.00949	0	0.156	0.015	0.31
542.175	 601	3.16356e-317	2.96439e-323	2.11517e-317	1.00773	0	0.156	0.015	0.33
529.401	 601	3.16356e-317	2.96439e-323	2.11517e-317	1.0075	0	0.156	0.015	0.35
586.84	 601	3.16356e-317	2.96439e-323	2.11517e-317	1.00372	0	0.156	0.015	0.37
521.883	 601	3.16356e-317	2.96439e-323	2.11517e-317	1.00366	0	0.156	0.015	0.39
550.642	 601	3.16356e-317	2.96439e-323	2.11517e-317	1.00368	0	0.156	0.015	0.41
534.395	 601	3.16356e-317	2.96439e-323	2.11517e-317	1.00319	0	0.156	0.015	0.43
554.585	 601	3.16356e-317	2.96439e-323	2.11517e-317	1.00277	0	0.156	0.015	0.45
570.403	 601	3.16356e-317	2.96439e-323	2.11517e-317	1.00277	0	0.156	0.015	0.47
642.8	 601	3.16356e-317	2.96439e-323	2.11517e-317	1.00233	0	0.156	0.015	0.49
571.536	 601	3.16356e-317	2.96439e-323	2.11517e-317	1.01122	0	0.156	0.019	0.31
517.952	 601	3.16356e-317	2.96439e-323	2.11517e-317	1.01106	0	0.156	0.019	0.33
581.883	 601	3.16356e-317	2.96439e-323	2.11517e-317	1.00957	0	0.156	0.019	0.35
557.726	 601	3.16356e-317	2.96439e-323	2.11517e-317	1.00742	0	0.156	0.019	0.37
539.184	 601	3.16356e-317	2.96439e-323	2.11517e-317	1.00398	0	0.156	0.019	0.39
560.913	 601	3.16356e-317	2.96439e-323	2.11517e-317	1.00389	0	0.156	0.019	0.41
528.205	 601	3.16356e-317	2.96439e-323	2.11517e-317	1.00352	0	0.156	0.019	0.43
591.518	 601	3.16356e-317	2.96439e-323	2.11517e-317	1.00333	0	0.156	0.019	0.45
561.59	 601	3.16356e-317	2.96439e-323	2.11517e-317	1.00316	0	0.156	0.019	0.47
628.842	 601	3.16356e-317	2.96439e-323	2.11517e-317	1.00264	0	0.156	0.019	0.49
536.933	 601	3.16356e-317	2.96439e-323	2.11517e-317	1.01433	0	0.156	0.023	0.31
609.311	 601	3.16356e-317	2.96439e-323	2.11517e-317	1.01186	0	0.156	0.023	0.33
536.186	 601	3.16356e-317	2.96439e-323	2.11517e-317	1.01131	0	0.156	0.023	0.35
535.091	 601	3.16356e-317	2.96439e-323	2.11517e-317	1.01067	0	0.156	0.023	0.37
592.129	 601	3.16356e-317	2.96439e-323	2.11517e-317	1.00955	0	0.156	0.023	0.39
570.017	 601	3.16356e-317	2.96439e-323	2.11517e-317	1.00733	0	0.156	0.023	0.41
602.049	 601	3.16356e-317	2.96439e-323	2.11517e-317	1.00597	0	0.156	0.023	0.43
603.324	 601	3.16356e-317	2.96439e-323	2.11517e-317	1.00364	0	0.156	0.023	0.45
621.971	 601	3.16356e-317	2.96439e-323	2.11517e-317	1.00366	0	0.156	0.023	0.47
595.722	 601	3.16356e-317	2.96439e-323	2.11517e-317	1.00315	0	0.156	0.023	0.49
593.06	 601	3.16356e-317	2.96439e-323	2.11517e-317	1.01509	0	0.156	0.027	0.31
1299.1	 601	3.16356e-317	2.96439e-323	2.11517e-317	1.00345	0	0.156	0.027	0.33
587.022	 601	3.16356e-317	2.96439e-323	2.11517e-317	1.01375	0	0.156	0.027	0.35
557.81	 601	3.16356e-317	2.96439e-323	2.11517e-317	1.01094	0	0.156	0.027	0.37
615.63	 601	3.16356e-317	2.96439e-323	2.11517e-317	1.01127	0	0.156	0.027	0.39
626.521	 601	3.16356e-317	2.96439e-323	2.11517e-317	1.00787	0	0.156	0.027	0.41
612.961	 601	3.16356e-317	2.96439e-323	2.11517e-317	1.00787	0	0.156	0.027	0.43
630.287	 601	3.16356e-317	2.96439e-323	2.11517e-317	1.00732	0	0.156	0.027	0.45
706.749	 601	3.16356e-317	2.96439e-323	2.11517e-317	1.00403	0	0.156	0.027	0.47
709.997	 601	3.16356e-317	2.96439e-323	2.11517e-317	1.0039	0	0.156	0.027	0.49
605.965	 601	3.16356e-317	2.96439e-323	2.11517e-317	1.01635	0	0.156	0.031	0.31
616.066	 601	3.16356e-317	2.96439e-323	2.11517e-317	1.01583	0	0.156	0.031	0.33
605.999	 601	3.16356e-317	2.96439e-323	2.11517e-317	1.0146	0	0.156	0.031	0.35
606.344	 601	3.16356e-317	2.96439e-323	2.11517e-317	1.01309	0	0.156	0.031	0.37
642.487	 601	3.16356e-317	2.96439e-323	2.11517e-317	1.01162	0	0.156	0.031	0.39
623.406	 601	3.16356e-317	2.96439e-323	2.11517e-317	1.01107	0	0.156	0.031	0.41
705.36	 601	3.16356e-317	2.96439e-323	2.11517e-317	1.01058	0	0.156	0.031	0.43
707.186	 601	3.16356e-317	2.96439e-323	2.11517e-317	1.00978	0	0.156	0.031	0.45
767.482	 601	3.16356e-317	2.96439e-323	2.11517e-317	1.00765	0	0.156	0.031	0.47
775.253	 601	3.16356e-317	2.96439e-323	2.11517e-317	1.00404	0	0.156	0.031	0.49
696.196	 601	3.16356e-317	2.96439e-323	2.11517e-317	1.01767	0	0.156	0.035	0.31
700.199	 601	3.16356e-317	2.96439e-323	2.11517e-317	1.01716	0	0.156	0.035	0.33
649.193	 601	3.16356e-317	2.96439e-323	2.11517e-317	1.01537	0	0.156	0.035	0.35
735.025	 601	3.16356e-317	2.96439e-323	2.11517e-317	1.01545	0	0.156	0.035	0.37
651.875	 601	3.16356e-317	2.96439e-323	2.11517e-317	1.01357	0	0.156	0.035	0.39
687.348	 601	3.16356e-317	2.96439e-323	2.11517e-317	1.01181	0	0.156	0.035	0.41
662.327	 601	3.16356e-317	2.96439e-323	2.11517e-317	1.01145	0	0.156	0.035	0.43
767.163	 601	3.16356e-317	2.96439e-323	2.11517e-317	1.01109	0	0.156	0.035	0.45
771.472	 601	3.16356e-317	2.96439e-323	2.11517e-317	1.00951	0	0.156	0.035	0.47
827.048	 601	3.16356e-317	2.96439e-323	2.11517e-317	1.00784	0	0.156	0.035	0.49
703.396	 601	3.16356e-317	2.96439e-323	2.11517e-317	1.01957	0	0.156	0.039	0.31
749.282	 601	3.16356e-317	2.96439e-323	2.11517e-317	1.0191	0	0.156	0.039	0.33
669.831	 601	3.16356e-317	2.96439e-323	2.11517e-317	1.01614	0	0.156	0.039	0.35
711.358	 601	3.16356e-317	2.96439e-323	2.11517e-317	1.01684	0	0.156	0.039	0.37
786.701	 601	3.16356e-317	2.96439e-323	2.11517e-317	1.01502	0	0.156	0.039	0.39
740.064	 601	3.16356e-317	2.96439e-323	2.11517e-317	1.01484	0	0.156	0.039	0.41
828.787	 601	3.16356e-317	2.96439e-323	2.11517e-317	1.01284	0	0.156	0.039	0.43
755.359	 601	3.16356e-317	2.96439e-323	2.11517e-317	1.01138	0	0.156	0.039	0.45
833.134	 601	3.16356e-317	2.96439e-323	2.11517e-317	1.01024	0	0.156	0.039	0.47
902.454	 601	3.16356e-317	2.96439e-323	2.11517e-317	1.01024	0	0.156	0.039	0.49
715.687	 601	3.16356e-317	2.96439e-323	2.11517e-317	1.0206	0	0.156	0.043	0.31
760.449	 601	3.16356e-317	2.96439e-323	2.11517e-317	1.0205	0	0.156	0.043	0.33
772.038	 601	3.16356e-317	2.96439e-323	2.11517e-317	1.0193	0	0.156	0.043	0.35
820.604	 601	3.16356e-317	2.96439e-323	2.11517e-317	1.01729	0	0.156	0.043	0.37
825.506	 601	3.16356e-317	2.96439e-323	2.11517e-317	1.01567	0	0.156	0.043	0.39
836.74	 601	3.16356e-317	2.96439e-323	2.11517e-317	1.01609	0	0.156	0.043	0.41
823.885	 601	3.16356e-317	2.96439e-323	2.11517e-317	1.01522	0	0.156	0.043	0.43
878.2	 601	3.16356e-317	2.96439e-323	2.11517e-317	1.0135	0	0.156	0.043	0.45
954.151	 601	3.16356e-317	2.96439e-323	2.11517e-317	1.01249	0	0.156	0.043	0.47
962.583	 601	3.16356e-317	2.96439e-323	2.11517e-317	1.01155	0	0.156	0.043	0.49
805.98	 601	3.16356e-317	2.96439e-323	2.11517e-317	1.02333	0	0.156	0.047	0.31
808.669	 601	3.16356e-317	2.96439e-323	2.11517e-317	1.02108	0	0.156	0.047	0.33
818.537	 601	3.16356e-317	2.96439e-323	2.11517e-317	1.0206	0	0.156	0.047	0.35
893.379	 601	3.16356e-317	2.96439e-323	2.11517e-317	1.01976	0	0.156	0.047	0.37
864.125	 601	3.16356e-317	2.96439e-323	2.11517e-317	1.01909	0	0.156	0.047	0.39
850.599	 601	3.16356e-317	2.96439e-323	2.11517e-317	1.0158	0	0.156	0.047	0.41
928.231	 601	3.16356e-317	2.96439e-323	2.11517e-317	1.01571	0	0.156	0.047	0.43
976.36	 601	3.16356e-317	2.96439e-323	2.11517e-317	1.01475	0	0.156	0.047	0.45
1017.55	 601	3.16356e-317	2.96439e-323	2.11517e-317	1.01475	0	0.156	0.047	0.47
1057.05	 601	3.16356e-317	2.96439e-323	2.11517e-317	1.01348	0	0.156	0.047	0.49
551.495	 601	3.16356e-317	2.96439e-323	2.11517e-317	1.01038	0	0.16	0.011	0.31
522.903	 601	3.16356e-317	2.96439e-323	2.11517e-317	1.0076	0	0.16	0.011	0.33
635.728	 601	3.16356e-317	2.96439e-323	2.11517e-317	1.00405	0	0.16	0.011	0.35
534.085	 601	3.16356e-317	2.96439e-323	2.11517e-317	1.00436	0	0.16	0.011	0.37
603.662	 601	3.16356e-317	2.96439e-323	2.11517e-317	1.00362	0	0.16	0.011	0.39
503.732	 601	3.16356e-317	2.96439e-323	2.11517e-317	1.00352	0	0.16	0.011	0.41
504.583	 601	3.16356e-317	2.96439e-323	2.11517e-317	1.00333	0	0.16	0.011	0.43
538.997	 601	3.16356e-317	2.96439e-323	2.11517e-317	1.00286	0	0.16	0.011	0.45
582.23	 601	3.16356e-317	2.96439e-323	2.11517e-317	1.00281	0	0.16	0.011	0.47
564.088	 601	3.16356e-317	2.96439e-323	2.11517e-317	1.00236	0	0.16	0.011	0.49
563.77	 601	3.16356e-317	2.96439e-323	2.11517e-317	1.0112	0	0.16	0.015	0.31
546.735	 601	3.16356e-317	2.96439e-323	2.11517e-317	1.01098	0	0.16	0.015	0.33
583.97	 601	3.16356e-317	2.96439e-323	2.11517e-317	1.01039	0	0.16	0.015	0.35
504.413	 601	3.16356e-317	2.96439e-323	2.11517e-317	1.00729	0	0.16	0.015	0.37
596.855	 601	3.16356e-317	2.96439e-323	2.11517e-317	1.00391	0	0.16	0.015	0.39
588.194	 601	3.16356e-317	2.96439e-323	2.11517e-317	1.00386	0	0.16	0.015	0.41
538.585	 601	3.16356e-317	2.96439e-323	2.11517e-317	1.0037	0	0.16	0.015	0.43
574.298	 601	3.16356e-317	2.96439e-323	2.11517e-317	1.00339	0	0.16	0.015	0.45
539.897	 601	3.16356e-317	2.96439e-323	2.11517e-317	1.00301	0	0.16	0.015	0.47
583.538	 601	3.16356e-317	2.96439e-323	2.11517e-317	1.00279	0	0.16	0.015	0.49
553.944	 601	3.16356e-317	2.96439e-323	2.11517e-317	1.01347	0	0.16	0.019	0.31
568.935	 601	3.16356e-317	2.96439e-323	2.11517e-317	1.01151	0	0.16	0.019	0.33
597.871	 601	3.16356e-317	2.96439e-323	2.11517e-317	1.01094	0	0.16	0.019	0.35
569.56	 601	3.16356e-317	2.96439e-323	2.11517e-317	1.01022	0	0.16	0.019	0.37
574.179	 601	3.16356e-317	2.96439e-323	2.11517e-317	1.01033	0	0.16	0.019	0.39
671.882	 601	3.16356e-317	2.96439e-323	2.11517e-317	1.00407	0	0.16	0.019	0.41
644.857	 601	3.16356e-317	2.96439e-323	2.11517e-317	1.00407	0	0.16	0.019	0.43
597.631	 601	3.16356e-317	2.96439e-323	2.11517e-317	1.00393	0	0.16	0.019	0.45
691.194	 601	3.16356e-317	2.96439e-323	2.11517e-317	1.00349	0	0.16	0.019	0.47
631.274	 601	3.16356e-317	2.96439e-323	2.11517e-317	1.00332	0	0.16	0.019	0.49
589.99	 601	3.16356e-317	2.96439e-323	2.11517e-317	1.01573	0	0.16	0.023	0.31
573.373	 601	3.16356e-317	2.96439e-323	2.11517e-317	1.01473	0	0.16	0.023	0.33
596.487	 601	3.16356e-317	2.96439e-323	2.11517e-317	1.01209	0	0.16	0.023	0.35
549.206	 601	3.16356e-317	2.96439e-323	2.11517e-317	1.01115	0	0.16	0.023	0.37
577.172	 601	3.16356e-317	2.96439e-323	2.11517e-317	1.0111	0	0.16	0.023	0.39
605.5	 601	3.16356e-317	2.96439e-323	2.11517e-317	1.01051	0	0.16	0.023	0.41
592.839	 601	3.16356e-317	2.96439e-323	2.11517e-317	1.00911	0	0.16	0.023	0.43
703.944	 601	3.16356e-317	2.96439e-323	2.11517e-317	1.00404	0	0.16	0.023	0.45
673.109	 601	3.16356e-317	2.96439e-323	2.11517e-317	1.0039	0	0.16	0.023	0.47
691.163	 601	3.16356e-317	2.96439e-323	2.11517e-317	1.00385	0	0.16	0.023	0.49
582.656	 601	3.16356e-317	2.96439e-323	2.11517e-317	1.01583	0	0.16	0.027	0.31
549.707	 601	3.16356e-317	2.96439e-323	2.11517e-317	1.01531	0	0.16	0.027	0.33
617.87	 601	3.16356e-317	2.96439e-323	2.11517e-317	1.01496	0	0.16	0.027	0.35
610.589	 601	3.16356e-317	2.96439e-323	2.11517e-317	1.01372	0	0.16	0.027	0.37
655.243	 601	3.16356e-317	2.96439e-323	2.11517e-317	1.01247	0	0.16	0.027	0.39
661.197	 601	3.16356e-317	2.96439e-323	2.11517e-317	1.01098	0	0.16	0.027	0.41
667.48	 601	3.16356e-317	2.96439e-323	2.11517e-317	1.00972	0	0.16	0.027	0.43
670.115	 601	3.16356e-317	2.96439e-323	2.11517e-317	1.01039	0	0.16	0.027	0.45
675.873	 601	3.16356e-317	2.96439e-323	2.11517e-317	1.00764	0	0.16	0.027	0.47
769.054	 601	3.16356e-317	2.96439e-323	2.11517e-317	1.00426	0	0.16	0.027	0.49
618.606	 601	3.16356e-317	2.96439e-323	2.11517e-317	1.01759	0	0.16	0.031	0.31
613.254	 601	3.16356e-317	2.96439e-323	2.11517e-317	1.01879	0	0.16	0.031	0.33
658.096	 601	3.16356e-317	2.96439e-323	2.11517e-317	1.01627	0	0.16	0.031	0.35
691.608	 601	3.16356e-317	2.96439e-323	2.11517e-317	1.01536	0	0.16	0.031	0.37
721.21	 601	3.16356e-317	2.96439e-323	2.11517e-317	1.01397	0	0.16	0.031	0.39
700.143	 601	3.16356e-317	2.96439e-323	2.11517e-317	1.012	0	0.16	0.031	0.41
694.164	 601	3.16356e-317	2.96439e-323	2.11517e-317	1.01161	0	0.16	0.031	0.43
712.368	 601	3.16356e-317	2.96439e-323	2.11517e-317	1.01111	0	0.16	0.031	0.45
820.012	 601	3.16356e-317	2.96439e-323	2.11517e-317	1.00959	0	0.16	0.031	0.47
759.254	 601	3.16356e-317	2.96439e-323	2.11517e-317	1.00793	0	0.16	0.031	0.49
678.366	 601	3.16356e-317	2.96439e-323	2.11517e-317	1.02045	0	0.16	0.035	0.31
671.596	 601	3.16356e-317	2.96439e-323	2.11517e-317	1.01896	0	0.16	0.035	0.33
687.376	 601	3.16356e-317	2.96439e-323	2.11517e-317	1.01813	0	0.16	0.035	0.35
662.296	 601	3.16356e-317	2.96439e-323	2.11517e-317	1.0157	0	0.16	0.035	0.37
696.455	 601	3.16356e-317	2.96439e-323	2.11517e-317	1.01514	0	0.16	0.035	0.39
711.311	 601	3.16356e-317	2.96439e-323	2.11517e-317	1.01465	0	0.16	0.035	0.41
718.661	 601	3.16356e-317	2.96439e-323	2.11517e-317	1.01475	0	0.16	0.035	0.43
775.203	 601	3.16356e-317	2.96439e-323	2.11517e-317	1.01173	0	0.16	0.035	0.45
840.361	 601	3.16356e-317	2.96439e-323	2.11517e-317	1.01122	0	0.16	0.035	0.47
864.964	 601	3.16356e-317	2.96439e-323	2.11517e-317	1.01051	0	0.16	0.035	0.49
703.81	 601	3.16356e-317	2.96439e-323	2.11517e-317	1.02229	0	0.16	0.039	0.31
726.223	 601	3.16356e-317	2.96439e-323	2.11517e-317	1.02005	0	0.16	0.039	0.33
756.915	 601	3.16356e-317	2.96439e-323	2.11517e-317	1.01857	0	0.16	0.039	0.35
735.751	 601	3.16356e-317	2.96439e-323	2.11517e-317	1.01839	0	0.16	0.039	0.37
806.63	 601	3.16356e-317	2.96439e-323	2.11517e-317	1.01804	0	0.16	0.039	0.39
798.387	 601	3.16356e-317	2.96439e-323	2.11517e-317	1.01552	0	0.16	0.039	0.41
860.074	 601	3.16356e-317	2.96439e-323	2.11517e-317	1.01489	0	0.16	0.039	0.43
886.071	 601	3.16356e-317	2.96439e-323	2.11517e-317	1.01374	0	0.16	0.039	0.45
884.909	 601	3.16356e-317	2.96439e-323	2.11517e-317	1.01419	0	0.16	0.039	0.47
898.95	 601	3.16356e-317	2.96439e-323	2.11517e-317	1.0114	0	0.16	0.039	0.49
730.641	 601	3.16356e-317	2.96439e-323	2.11517e-317	1.02283	0	0.16	0.043	0.31
829.352	 601	3.16356e-317	2.96439e-323	2.11517e-317	1.02244	0	0.16	0.043	0.33
821.209	 601	3.16356e-317	2.96439e-323	2.11517e-317	1.02123	0	0.16	0.043	0.35
778.35	 601	3.16356e-317	2.96439e-323	2.11517e-317	1.01965	0	0.16	0.043	0.37
854.232	 601	3.16356e-317	2.96439e-323	2.11517e-317	1.01846	0	0.16	0.043	0.39
932.225	 601	3.16356e-317	2.96439e-323	2.11517e-317	1.01634	0	0.16	0.043	0.41
914.115	 601	3.16356e-317	2.96439e-323	2.11517e-317	1.01592	0	0.16	0.043	0.43
946.84	 601	3.16356e-317	2.96439e-323	2.11517e-317	1.01497	0	0.16	0.043	0.45
878.887	 601	3.16356e-317	2.96439e-323	2.11517e-317	1.01506	0	0.16	0.043	0.47
982.941	 601	3.16356e-317	2.96439e-323	2.11517e-317	1.01338	0	0.16	0.043	0.49
822.476	 601	3.16356e-317	2.96439e-323	2.11517e-317	1.02396	0	0.16	0.047	0.31
804.827	 601	3.16356e-317	2.96439e-323	2.11517e-317	1.02195	0	0.16	0.047	0.33
875.224	 601	3.16356e-317	2.96439e-323	2.11517e-317	1.02259	0	0.16	0.047	0.35
859.013	 601	3.16356e-317	2.96439e-323	2.11517e-317	1.02142	0	0.16	0.047	0.37
906.815	 601	3.16356e-317	2.96439e-323	2.11517e-317	1.0199	0	0.16	0.047	0.39
931.946	 601	3.16356e-317	2.96439e-323	2.11517e-317	1.01815	0	0.16	0.047	0.41
1000.54	 601	3.16356e-317	2.96439e-323	2.11517e-317	1.01803	0	0.16	0.047	0.43
946.301	 601	3.16356e-317	2.96439e-323	2.11517e-317	1.0158	0	0.16	0.047	0.45
1055.35	 601	3.16356e-317	2.96439e-323	2.11517e-317	1.0151	0	0.16	0.047	0.47
1080.84	 601	3.16356e-317	2.96439e-323	2.11517e-317	1.01488	0	0.16	0.047	0.49
