496.727	 476	3.16356e-317	2.96439e-323	2.11517e-317	0.996325	0	0.124	0.011	0.31
511.971	 476	3.16356e-317	2.96439e-323	2.11517e-317	0.99602	0	0.124	0.011	0.33
491.266	 476	3.16356e-317	2.96439e-323	2.11517e-317	0.995774	0	0.124	0.011	0.35
575.196	 476	3.16356e-317	2.96439e-323	2.11517e-317	0.995715	0	0.124	0.011	0.37
486.567	 476	3.16356e-317	2.96439e-323	2.11517e-317	0.990163	0	0.124	0.011	0.39
436.502	 476	3.16356e-317	2.96439e-323	2.11517e-317	0.988594	0	0.124	0.011	0.41
462.482	 476	3.16356e-317	2.96439e-323	2.11517e-317	0.98603	0	0.124	0.011	0.43
456.43	 476	3.16356e-317	2.96439e-323	2.11517e-317	0.987055	0	0.124	0.011	0.45
471.549	 476	3.16356e-317	2.96439e-323	2.11517e-317	0.984383	0	0.124	0.011	0.47
497.849	 476	3.16356e-317	2.96439e-323	2.11517e-317	0.984074	0	0.124	0.011	0.49
455.37	 476	3.16356e-317	2.96439e-323	2.11517e-317	0.996646	0	0.124	0.015	0.31
444.831	 476	3.16356e-317	2.96439e-323	2.11517e-317	0.996504	0	0.124	0.015	0.33
422.334	 476	3.16356e-317	2.96439e-323	2.11517e-317	0.996021	0	0.124	0.015	0.35
396.542	 476	3.16356e-317	2.96439e-323	2.11517e-317	0.992619	0	0.124	0.015	0.37
426.912	 476	3.16356e-317	2.96439e-323	2.11517e-317	0.988876	0	0.124	0.015	0.39
427.006	 476	3.16356e-317	2.96439e-323	2.11517e-317	0.988585	0	0.124	0.015	0.41
408.555	 476	3.16356e-317	2.96439e-323	2.11517e-317	0.990155	0	0.124	0.015	0.43
462.067	 476	3.16356e-317	2.96439e-323	2.11517e-317	0.988061	0	0.124	0.015	0.45
451.898	 476	3.16356e-317	2.96439e-323	2.11517e-317	0.988381	0	0.124	0.015	0.47
469.362	 476	3.16356e-317	2.96439e-323	2.11517e-317	0.984767	0	0.124	0.015	0.49
408.886	 476	3.16356e-317	2.96439e-323	2.11517e-317	0.9971	0	0.124	0.019	0.31
415.047	 476	3.16356e-317	2.96439e-323	2.11517e-317	0.996809	0	0.124	0.019	0.33
404.444	 476	3.16356e-317	2.96439e-323	2.11517e-317	0.996613	0	0.124	0.019	0.35
399.055	 476	3.16356e-317	2.96439e-323	2.11517e-317	0.996259	0	0.124	0.019	0.37
425.781	 476	3.16356e-317	2.96439e-323	2.11517e-317	0.993051	0	0.124	0.019	0.39
440.436	 476	3.16356e-317	2.96439e-323	2.11517e-317	0.993324	0	0.124	0.019	0.41
434.631	 476	3.16356e-317	2.96439e-323	2.11517e-317	0.99011	0	0.124	0.019	0.43
424.73	 476	3.16356e-317	2.96439e-323	2.11517e-317	0.991877	0	0.124	0.019	0.45
372.854	 476	3.16356e-317	2.96439e-323	2.11517e-317	0.988175	0	0.124	0.019	0.47
432.478	 476	3.16356e-317	2.96439e-323	2.11517e-317	0.988265	0	0.124	0.019	0.49
424.967	 476	3.16356e-317	2.96439e-323	2.11517e-317	0.997178	0	0.124	0.023	0.31
432.302	 476	3.16356e-317	2.96439e-323	2.11517e-317	0.99706	0	0.124	0.023	0.33
385.703	 476	3.16356e-317	2.96439e-323	2.11517e-317	0.996926	0	0.124	0.023	0.35
416.365	 476	3.16356e-317	2.96439e-323	2.11517e-317	0.996679	0	0.124	0.023	0.37
421.977	 476	3.16356e-317	2.96439e-323	2.11517e-317	0.996349	0	0.124	0.023	0.39
416.907	 476	3.16356e-317	2.96439e-323	2.11517e-317	0.99622	0	0.124	0.023	0.41
390.987	 476	3.16356e-317	2.96439e-323	2.11517e-317	0.992149	0	0.124	0.023	0.43
431.501	 476	3.16356e-317	2.96439e-323	2.11517e-317	0.995895	0	0.124	0.023	0.45
467.973	 476	3.16356e-317	2.96439e-323	2.11517e-317	0.995912	0	0.124	0.023	0.47
423.281	 476	3.16356e-317	2.96439e-323	2.11517e-317	0.988142	0	0.124	0.023	0.49
392.983	 476	3.16356e-317	2.96439e-323	2.11517e-317	1.00291	0	0.124	0.027	0.31
439.917	 476	3.16356e-317	2.96439e-323	2.11517e-317	0.997274	0	0.124	0.027	0.33
386.969	 476	3.16356e-317	2.96439e-323	2.11517e-317	0.997123	0	0.124	0.027	0.35
373.485	 476	3.16356e-317	2.96439e-323	2.11517e-317	0.997093	0	0.124	0.027	0.37
397.62	 476	3.16356e-317	2.96439e-323	2.11517e-317	0.996495	0	0.124	0.027	0.39
382.589	 476	3.16356e-317	2.96439e-323	2.11517e-317	0.9967	0	0.124	0.027	0.41
415.506	 476	3.16356e-317	2.96439e-323	2.11517e-317	0.99642	0	0.124	0.027	0.43
453.399	 476	3.16356e-317	2.96439e-323	2.11517e-317	0.996177	0	0.124	0.027	0.45
418.034	 476	3.16356e-317	2.96439e-323	2.11517e-317	0.992441	0	0.124	0.027	0.47
437.723	 476	3.16356e-317	2.96439e-323	2.11517e-317	0.989088	0	0.124	0.027	0.49
378.76	 476	3.16356e-317	2.96439e-323	2.11517e-317	1.00345	0	0.124	0.031	0.31
402.133	 476	3.16356e-317	2.96439e-323	2.11517e-317	1.00308	0	0.124	0.031	0.33
417.258	 476	3.16356e-317	2.96439e-323	2.11517e-317	1.00274	0	0.124	0.031	0.35
386.859	 476	3.16356e-317	2.96439e-323	2.11517e-317	0.997206	0	0.124	0.031	0.37
424.181	 476	3.16356e-317	2.96439e-323	2.11517e-317	0.9974	0	0.124	0.031	0.39
423.871	 476	3.16356e-317	2.96439e-323	2.11517e-317	0.996927	0	0.124	0.031	0.41
390.88	 476	3.16356e-317	2.96439e-323	2.11517e-317	0.996553	0	0.124	0.031	0.43
451.864	 476	3.16356e-317	2.96439e-323	2.11517e-317	0.996277	0	0.124	0.031	0.45
468.884	 476	3.16356e-317	2.96439e-323	2.11517e-317	0.996197	0	0.124	0.031	0.47
451.151	 476	3.16356e-317	2.96439e-323	2.11517e-317	0.995921	0	0.124	0.031	0.49
437.211	 476	3.16356e-317	2.96439e-323	2.11517e-317	1.00358	0	0.124	0.035	0.31
388.608	 476	3.16356e-317	2.96439e-323	2.11517e-317	1.0034	0	0.124	0.035	0.33
411.864	 476	3.16356e-317	2.96439e-323	2.11517e-317	1.00322	0	0.124	0.035	0.35
460.301	 476	3.16356e-317	2.96439e-323	2.11517e-317	1.003	0	0.124	0.035	0.37
426.021	 476	3.16356e-317	2.96439e-323	2.11517e-317	1.00295	0	0.124	0.035	0.39
429.256	 476	3.16356e-317	2.96439e-323	2.11517e-317	0.997076	0	0.124	0.035	0.41
460.087	 476	3.16356e-317	2.96439e-323	2.11517e-317	0.997075	0	0.124	0.035	0.43
459.629	 476	3.16356e-317	2.96439e-323	2.11517e-317	0.996695	0	0.124	0.035	0.45
440.918	 476	3.16356e-317	2.96439e-323	2.11517e-317	0.996633	0	0.124	0.035	0.47
506.946	 476	3.16356e-317	2.96439e-323	2.11517e-317	0.995968	0	0.124	0.035	0.49
430.061	 476	3.16356e-317	2.96439e-323	2.11517e-317	1.00411	0	0.124	0.039	0.31
429.351	 476	3.16356e-317	2.96439e-323	2.11517e-317	1.00372	0	0.124	0.039	0.33
398.261	 476	3.16356e-317	2.96439e-323	2.11517e-317	1.0037	0	0.124	0.039	0.35
406.199	 476	3.16356e-317	2.96439e-323	2.11517e-317	1.00293	0	0.124	0.039	0.37
435.36	 476	3.16356e-317	2.96439e-323	2.11517e-317	1.00296	0	0.124	0.039	0.39
472.364	 476	3.16356e-317	2.96439e-323	2.11517e-317	1.00301	0	0.124	0.039	0.41
496.111	 476	3.16356e-317	2.96439e-323	2.11517e-317	0.997059	0	0.124	0.039	0.43
487.426	 476	3.16356e-317	2.96439e-323	2.11517e-317	0.99701	0	0.124	0.039	0.45
528.367	 476	3.16356e-317	2.96439e-323	2.11517e-317	0.996741	0	0.124	0.039	0.47
457.963	 476	3.16356e-317	2.96439e-323	2.11517e-317	0.996557	0	0.124	0.039	0.49
435.056	 476	3.16356e-317	2.96439e-323	2.11517e-317	1.0079	0	0.124	0.043	0.31
441.689	 476	3.16356e-317	2.96439e-323	2.11517e-317	1.00388	0	0.124	0.043	0.33
441.713	 476	3.16356e-317	2.96439e-323	2.11517e-317	1.00354	0	0.124	0.043	0.35
434.653	 476	3.16356e-317	2.96439e-323	2.11517e-317	1.00374	0	0.124	0.043	0.37
469.61	 476	3.16356e-317	2.96439e-323	2.11517e-317	1.00342	0	0.124	0.043	0.39
466.654	 476	3.16356e-317	2.96439e-323	2.11517e-317	1.00299	0	0.124	0.043	0.41
519.263	 476	3.16356e-317	2.96439e-323	2.11517e-317	1.00262	0	0.124	0.043	0.43
471.007	 476	3.16356e-317	2.96439e-323	2.11517e-317	0.997421	0	0.124	0.043	0.45
516.015	 476	3.16356e-317	2.96439e-323	2.11517e-317	0.997254	0	0.124	0.043	0.47
516.475	 476	3.16356e-317	2.96439e-323	2.11517e-317	0.996987	0	0.124	0.043	0.49
525.243	 476	3.16356e-317	2.96439e-323	2.11517e-317	1.00435	0	0.124	0.047	0.31
490.423	 476	3.16356e-317	2.96439e-323	2.11517e-317	1.00789	0	0.124	0.047	0.33
509.008	 476	3.16356e-317	2.96439e-323	2.11517e-317	1.0062	0	0.124	0.047	0.35
509.361	 476	3.16356e-317	2.96439e-323	2.11517e-317	1.00371	0	0.124	0.047	0.37
515.314	 476	3.16356e-317	2.96439e-323	2.11517e-317	1.00362	0	0.124	0.047	0.39
490.312	 476	3.16356e-317	2.96439e-323	2.11517e-317	1.00357	0	0.124	0.047	0.41
504.213	 476	3.16356e-317	2.96439e-323	2.11517e-317	1.00319	0	0.124	0.047	0.43
571.096	 476	3.16356e-317	2.96439e-323	2.11517e-317	1.00295	0	0.124	0.047	0.45
566.646	 476	3.16356e-317	2.96439e-323	2.11517e-317	0.997448	0	0.124	0.047	0.47
544.296	 476	3.16356e-317	2.96439e-323	2.11517e-317	0.996954	0	0.124	0.047	0.49
480.448	 476	3.16356e-317	2.96439e-323	2.11517e-317	0.996623	0	0.128	0.011	0.31
465.358	 476	3.16356e-317	2.96439e-323	2.11517e-317	0.996236	0	0.128	0.011	0.33
470.797	 476	3.16356e-317	2.96439e-323	2.11517e-317	0.996045	0	0.128	0.011	0.35
459.604	 476	3.16356e-317	2.96439e-323	2.11517e-317	0.995799	0	0.128	0.011	0.37
505.727	 476	3.16356e-317	2.96439e-323	2.11517e-317	0.989796	0	0.128	0.011	0.39
451.404	 476	3.16356e-317	2.96439e-323	2.11517e-317	0.98872	0	0.128	0.011	0.41
476.651	 476	3.16356e-317	2.96439e-323	2.11517e-317	0.987836	0	0.128	0.011	0.43
437.07	 476	3.16356e-317	2.96439e-323	2.11517e-317	0.987995	0	0.128	0.011	0.45
462.908	 476	3.16356e-317	2.96439e-323	2.11517e-317	0.987461	0	0.128	0.011	0.47
439.894	 476	3.16356e-317	2.96439e-323	2.11517e-317	0.984879	0	0.128	0.011	0.49
443.91	 476	3.16356e-317	2.96439e-323	2.11517e-317	0.996872	0	0.128	0.015	0.31
428.182	 476	3.16356e-317	2.96439e-323	2.11517e-317	0.996583	0	0.128	0.015	0.33
377.831	 476	3.16356e-317	2.96439e-323	2.11517e-317	0.996694	0	0.128	0.015	0.35
421.824	 476	3.16356e-317	2.96439e-323	2.11517e-317	0.99629	0	0.128	0.015	0.37
416.987	 476	3.16356e-317	2.96439e-323	2.11517e-317	0.996203	0	0.128	0.015	0.39
462.826	 476	3.16356e-317	2.96439e-323	2.11517e-317	0.99607	0	0.128	0.015	0.41
478.912	 476	3.16356e-317	2.96439e-323	2.11517e-317	0.996055	0	0.128	0.015	0.43
446.138	 476	3.16356e-317	2.96439e-323	2.11517e-317	0.988348	0	0.128	0.015	0.45
377.1	 476	3.16356e-317	2.96439e-323	2.11517e-317	0.988413	0	0.128	0.015	0.47
402.718	 476	3.16356e-317	2.96439e-323	2.11517e-317	0.988097	0	0.128	0.015	0.49
392.053	 476	3.16356e-317	2.96439e-323	2.11517e-317	0.997201	0	0.128	0.019	0.31
415.772	 476	3.16356e-317	2.96439e-323	2.11517e-317	0.997047	0	0.128	0.019	0.33
411.114	 476	3.16356e-317	2.96439e-323	2.11517e-317	0.996874	0	0.128	0.019	0.35
425.077	 476	3.16356e-317	2.96439e-323	2.11517e-317	0.996788	0	0.128	0.019	0.37
392.743	 476	3.16356e-317	2.96439e-323	2.11517e-317	0.996446	0	0.128	0.019	0.39
424.96	 476	3.16356e-317	2.96439e-323	2.11517e-317	0.996341	0	0.128	0.019	0.41
372.164	 476	3.16356e-317	2.96439e-323	2.11517e-317	0.995914	0	0.128	0.019	0.43
447.189	 476	3.16356e-317	2.96439e-323	2.11517e-317	0.991479	0	0.128	0.019	0.45
410.846	 476	3.16356e-317	2.96439e-323	2.11517e-317	0.988927	0	0.128	0.019	0.47
430.634	 476	3.16356e-317	2.96439e-323	2.11517e-317	0.988411	0	0.128	0.019	0.49
367.135	 476	3.16356e-317	2.96439e-323	2.11517e-317	1.00293	0	0.128	0.023	0.31
430.902	 476	3.16356e-317	2.96439e-323	2.11517e-317	0.997335	0	0.128	0.023	0.33
409.009	 476	3.16356e-317	2.96439e-323	2.11517e-317	0.997014	0	0.128	0.023	0.35
356.17	 476	3.16356e-317	2.96439e-323	2.11517e-317	0.996871	0	0.128	0.023	0.37
379.335	 476	3.16356e-317	2.96439e-323	2.11517e-317	0.996557	0	0.128	0.023	0.39
379.25	 476	3.16356e-317	2.96439e-323	2.11517e-317	0.996469	0	0.128	0.023	0.41
359.066	 476	3.16356e-317	2.96439e-323	2.11517e-317	0.995982	0	0.128	0.023	0.43
448.038	 476	3.16356e-317	2.96439e-323	2.11517e-317	0.996392	0	0.128	0.023	0.45
438.15	 476	3.16356e-317	2.96439e-323	2.11517e-317	0.99602	0	0.128	0.023	0.47
469.068	 476	3.16356e-317	2.96439e-323	2.11517e-317	0.995679	0	0.128	0.023	0.49
382.733	 476	3.16356e-317	2.96439e-323	2.11517e-317	1.00321	0	0.128	0.027	0.31
373.037	 476	3.16356e-317	2.96439e-323	2.11517e-317	1.00291	0	0.128	0.027	0.33
400.538	 476	3.16356e-317	2.96439e-323	2.11517e-317	1.00284	0	0.128	0.027	0.35
399.856	 476	3.16356e-317	2.96439e-323	2.11517e-317	1.00287	0	0.128	0.027	0.37
376.665	 476	3.16356e-317	2.96439e-323	2.11517e-317	0.997099	0	0.128	0.027	0.39
388.805	 476	3.16356e-317	2.96439e-323	2.11517e-317	0.996659	0	0.128	0.027	0.41
378.947	 476	3.16356e-317	2.96439e-323	2.11517e-317	0.996503	0	0.128	0.027	0.43
390.203	 476	3.16356e-317	2.96439e-323	2.11517e-317	0.996501	0	0.128	0.027	0.45
445.884	 476	3.16356e-317	2.96439e-323	2.11517e-317	0.995783	0	0.128	0.027	0.47
437.235	 476	3.16356e-317	2.96439e-323	2.11517e-317	0.995795	0	0.128	0.027	0.49
402.993	 476	3.16356e-317	2.96439e-323	2.11517e-317	1.00375	0	0.128	0.031	0.31
390.044	 476	3.16356e-317	2.96439e-323	2.11517e-317	1.00328	0	0.128	0.031	0.33
416.484	 476	3.16356e-317	2.96439e-323	2.11517e-317	1.00296	0	0.128	0.031	0.35
425.648	 476	3.16356e-317	2.96439e-323	2.11517e-317	1.00315	0	0.128	0.031	0.37
410.966	 476	3.16356e-317	2.96439e-323	2.11517e-317	0.997402	0	0.128	0.031	0.39
400.713	 476	3.16356e-317	2.96439e-323	2.11517e-317	0.996852	0	0.128	0.031	0.41
461.421	 476	3.16356e-317	2.96439e-323	2.11517e-317	0.996745	0	0.128	0.031	0.43
378.723	 476	3.16356e-317	2.96439e-323	2.11517e-317	0.996638	0	0.128	0.031	0.45
418.191	 476	3.16356e-317	2.96439e-323	2.11517e-317	0.996593	0	0.128	0.031	0.47
458.588	 476	3.16356e-317	2.96439e-323	2.11517e-317	0.996101	0	0.128	0.031	0.49
428.089	 476	3.16356e-317	2.96439e-323	2.11517e-317	1.00376	0	0.128	0.035	0.31
411.983	 476	3.16356e-317	2.96439e-323	2.11517e-317	1.00341	0	0.128	0.035	0.33
426.448	 476	3.16356e-317	2.96439e-323	2.11517e-317	1.00333	0	0.128	0.035	0.35
467.859	 476	3.16356e-317	2.96439e-323	2.11517e-317	1.00325	0	0.128	0.035	0.37
422.071	 476	3.16356e-317	2.96439e-323	2.11517e-317	1.003	0	0.128	0.035	0.39
440.567	 476	3.16356e-317	2.96439e-323	2.11517e-317	0.997308	0	0.128	0.035	0.41
447.727	 476	3.16356e-317	2.96439e-323	2.11517e-317	0.997047	0	0.128	0.035	0.43
477.422	 476	3.16356e-317	2.96439e-323	2.11517e-317	0.996952	0	0.128	0.035	0.45
463.484	 476	3.16356e-317	2.96439e-323	2.11517e-317	0.99639	0	0.128	0.035	0.47
461.647	 476	3.16356e-317	2.96439e-323	2.11517e-317	0.996467	0	0.128	0.035	0.49
446.632	 476	3.16356e-317	2.96439e-323	2.11517e-317	1.00428	0	0.128	0.039	0.31
466.736	 476	3.16356e-317	2.96439e-323	2.11517e-317	1.00389	0	0.128	0.039	0.33
415.025	 476	3.16356e-317	2.96439e-323	2.11517e-317	1.00372	0	0.128	0.039	0.35
464.979	 476	3.16356e-317	2.96439e-323	2.11517e-317	1.0037	0	0.128	0.039	0.37
442.542	 476	3.16356e-317	2.96439e-323	2.11517e-317	1.00333	0	0.128	0.039	0.39
454.396	 476	3.16356e-317	2.96439e-323	2.11517e-317	1.00289	0	0.128	0.039	0.41
487.069	 476	3.16356e-317	2.96439e-323	2.11517e-317	1.0029	0	0.128	0.039	0.43
470.688	 476	3.16356e-317	2.96439e-323	2.11517e-317	0.997271	0	0.128	0.039	0.45
493.808	 476	3.16356e-317	2.96439e-323	2.11517e-317	0.997169	0	0.128	0.039	0.47
553.433	 476	3.16356e-317	2.96439e-323	2.11517e-317	0.996742	0	0.128	0.039	0.49
504.496	 476	3.16356e-317	2.96439e-323	2.11517e-317	1.01146	0	0.128	0.043	0.31
470.244	 476	3.16356e-317	2.96439e-323	2.11517e-317	1.00399	0	0.128	0.043	0.33
460.629	 476	3.16356e-317	2.96439e-323	2.11517e-317	1.00403	0	0.128	0.043	0.35
450.558	 476	3.16356e-317	2.96439e-323	2.11517e-317	1.004	0	0.128	0.043	0.37
448.079	 476	3.16356e-317	2.96439e-323	2.11517e-317	1.00341	0	0.128	0.043	0.39
481.571	 476	3.16356e-317	2.96439e-323	2.11517e-317	1.00343	0	0.128	0.043	0.41
490.599	 476	3.16356e-317	2.96439e-323	2.11517e-317	1.00316	0	0.128	0.043	0.43
512.121	 476	3.16356e-317	2.96439e-323	2.11517e-317	1.00293	0	0.128	0.043	0.45
520.48	 476	3.16356e-317	2.96439e-323	2.11517e-317	0.996936	0	0.128	0.043	0.47
548.265	 476	3.16356e-317	2.96439e-323	2.11517e-317	0.997123	0	0.128	0.043	0.49
449.223	 476	3.16356e-317	2.96439e-323	2.11517e-317	1.01116	0	0.128	0.047	0.31
499.889	 476	3.16356e-317	2.96439e-323	2.11517e-317	1.01076	0	0.128	0.047	0.33
528.711	 476	3.16356e-317	2.96439e-323	2.11517e-317	1.00408	0	0.128	0.047	0.35
574.205	 476	3.16356e-317	2.96439e-323	2.11517e-317	1.00407	0	0.128	0.047	0.37
505.332	 476	3.16356e-317	2.96439e-323	2.11517e-317	1.00389	0	0.128	0.047	0.39
505.237	 476	3.16356e-317	2.96439e-323	2.11517e-317	1.00358	0	0.128	0.047	0.41
569.844	 476	3.16356e-317	2.96439e-323	2.11517e-317	1.00332	0	0.128	0.047	0.43
558.086	 476	3.16356e-317	2.96439e-323	2.11517e-317	1.00321	0	0.128	0.047	0.45
613.07	 476	3.16356e-317	2.96439e-323	2.11517e-317	1.00303	0	0.128	0.047	0.47
571.439	 476	3.16356e-317	2.96439e-323	2.11517e-317	0.997341	0	0.128	0.047	0.49
431.38	 476	3.16356e-317	2.96439e-323	2.11517e-317	0.996902	0	0.132	0.011	0.31
439.267	 476	3.16356e-317	2.96439e-323	2.11517e-317	0.996539	0	0.132	0.011	0.33
427.696	 476	3.16356e-317	2.96439e-323	2.11517e-317	0.996387	0	0.132	0.011	0.35
389.466	 476	3.16356e-317	2.96439e-323	2.11517e-317	0.99629	0	0.132	0.011	0.37
441.352	 476	3.16356e-317	2.96439e-323	2.11517e-317	0.99604	0	0.132	0.011	0.39
476.185	 476	3.16356e-317	2.96439e-323	2.11517e-317	0.996005	0	0.132	0.011	0.41
416.885	 476	3.16356e-317	2.96439e-323	2.11517e-317	0.992261	0	0.132	0.011	0.43
456.366	 476	3.16356e-317	2.96439e-323	2.11517e-317	0.988579	0	0.132	0.011	0.45
460.783	 476	3.16356e-317	2.96439e-323	2.11517e-317	0.987589	0	0.132	0.011	0.47
404.964	 476	3.16356e-317	2.96439e-323	2.11517e-317	0.988151	0	0.132	0.011	0.49
404.368	 476	3.16356e-317	2.96439e-323	2.11517e-317	0.997229	0	0.132	0.015	0.31
370.218	 476	3.16356e-317	2.96439e-323	2.11517e-317	0.997064	0	0.132	0.015	0.33
386.547	 476	3.16356e-317	2.96439e-323	2.11517e-317	0.996846	0	0.132	0.015	0.35
393.688	 476	3.16356e-317	2.96439e-323	2.11517e-317	0.996583	0	0.132	0.015	0.37
411.728	 476	3.16356e-317	2.96439e-323	2.11517e-317	0.996433	0	0.132	0.015	0.39
461.058	 476	3.16356e-317	2.96439e-323	2.11517e-317	0.996568	0	0.132	0.015	0.41
445.696	 476	3.16356e-317	2.96439e-323	2.11517e-317	0.99195	0	0.132	0.015	0.43
433.074	 476	3.16356e-317	2.96439e-323	2.11517e-317	0.995778	0	0.132	0.015	0.45
384.64	 476	3.16356e-317	2.96439e-323	2.11517e-317	0.98981	0	0.132	0.015	0.47
418.253	 476	3.16356e-317	2.96439e-323	2.11517e-317	0.988907	0	0.132	0.015	0.49
399.993	 476	3.16356e-317	2.96439e-323	2.11517e-317	1.00322	0	0.132	0.019	0.31
390.257	 476	3.16356e-317	2.96439e-323	2.11517e-317	1.00272	0	0.132	0.019	0.33
415.437	 476	3.16356e-317	2.96439e-323	2.11517e-317	1.00281	0	0.132	0.019	0.35
371.615	 476	3.16356e-317	2.96439e-323	2.11517e-317	0.997056	0	0.132	0.019	0.37
400.47	 476	3.16356e-317	2.96439e-323	2.11517e-317	0.99695	0	0.132	0.019	0.39
373.368	 476	3.16356e-317	2.96439e-323	2.11517e-317	0.996539	0	0.132	0.019	0.41
386.893	 476	3.16356e-317	2.96439e-323	2.11517e-317	0.996418	0	0.132	0.019	0.43
399.41	 476	3.16356e-317	2.96439e-323	2.11517e-317	0.995969	0	0.132	0.019	0.45
385.173	 476	3.16356e-317	2.96439e-323	2.11517e-317	0.992454	0	0.132	0.019	0.47
450.876	 476	3.16356e-317	2.96439e-323	2.11517e-317	0.995523	0	0.132	0.019	0.49
368.551	 476	3.16356e-317	2.96439e-323	2.11517e-317	1.00325	0	0.132	0.023	0.31
380.891	 476	3.16356e-317	2.96439e-323	2.11517e-317	1.00303	0	0.132	0.023	0.33
380.269	 476	3.16356e-317	2.96439e-323	2.11517e-317	1.00283	0	0.132	0.023	0.35
383.452	 476	3.16356e-317	2.96439e-323	2.11517e-317	0.997299	0	0.132	0.023	0.37
380.352	 476	3.16356e-317	2.96439e-323	2.11517e-317	0.997033	0	0.132	0.023	0.39
392.596	 476	3.16356e-317	2.96439e-323	2.11517e-317	0.996496	0	0.132	0.023	0.41
411.021	 476	3.16356e-317	2.96439e-323	2.11517e-317	0.996505	0	0.132	0.023	0.43
399.196	 476	3.16356e-317	2.96439e-323	2.11517e-317	0.996182	0	0.132	0.023	0.45
420.789	 476	3.16356e-317	2.96439e-323	2.11517e-317	0.996197	0	0.132	0.023	0.47
432.895	 476	3.16356e-317	2.96439e-323	2.11517e-317	0.992015	0	0.132	0.023	0.49
375.946	 476	3.16356e-317	2.96439e-323	2.11517e-317	1.00349	0	0.132	0.027	0.31
369.098	 476	3.16356e-317	2.96439e-323	2.11517e-317	1.00356	0	0.132	0.027	0.33
400.167	 476	3.16356e-317	2.96439e-323	2.11517e-317	1.00325	0	0.132	0.027	0.35
393.344	 476	3.16356e-317	2.96439e-323	2.11517e-317	1.00299	0	0.132	0.027	0.37
385.245	 476	3.16356e-317	2.96439e-323	2.11517e-317	1.00293	0	0.132	0.027	0.39
405.355	 476	3.16356e-317	2.96439e-323	2.11517e-317	0.996998	0	0.132	0.027	0.41
382.529	 476	3.16356e-317	2.96439e-323	2.11517e-317	0.996846	0	0.132	0.027	0.43
449.648	 476	3.16356e-317	2.96439e-323	2.11517e-317	0.996862	0	0.132	0.027	0.45
398.483	 476	3.16356e-317	2.96439e-323	2.11517e-317	0.996335	0	0.132	0.027	0.47
422.34	 476	3.16356e-317	2.96439e-323	2.11517e-317	0.996393	0	0.132	0.027	0.49
413.703	 476	3.16356e-317	2.96439e-323	2.11517e-317	1.00395	0	0.132	0.031	0.31
389.211	 476	3.16356e-317	2.96439e-323	2.11517e-317	1.00348	0	0.132	0.031	0.33
404.982	 476	3.16356e-317	2.96439e-323	2.11517e-317	1.00336	0	0.132	0.031	0.35
424.275	 476	3.16356e-317	2.96439e-323	2.11517e-317	1.00332	0	0.132	0.031	0.37
448.027	 476	3.16356e-317	2.96439e-323	2.11517e-317	1.00306	0	0.132	0.031	0.39
459.419	 476	3.16356e-317	2.96439e-323	2.11517e-317	1.003	0	0.132	0.031	0.41
460.973	 476	3.16356e-317	2.96439e-323	2.11517e-317	1.00315	0	0.132	0.031	0.43
440.678	 476	3.16356e-317	2.96439e-323	2.11517e-317	0.997008	0	0.132	0.031	0.45
488.422	 476	3.16356e-317	2.96439e-323	2.11517e-317	0.996765	0	0.132	0.031	0.47
475.657	 476	3.16356e-317	2.96439e-323	2.11517e-317	0.996414	0	0.132	0.031	0.49
458.881	 476	3.16356e-317	2.96439e-323	2.11517e-317	1.00416	0	0.132	0.035	0.31
475.802	 476	3.16356e-317	2.96439e-323	2.11517e-317	1.00423	0	0.132	0.035	0.33
440.205	 476	3.16356e-317	2.96439e-323	2.11517e-317	1.00389	0	0.132	0.035	0.35
437.041	 476	3.16356e-317	2.96439e-323	2.11517e-317	1.00343	0	0.132	0.035	0.37
430.109	 476	3.16356e-317	2.96439e-323	2.11517e-317	1.00347	0	0.132	0.035	0.39
425.64	 476	3.16356e-317	2.96439e-323	2.11517e-317	1.00316	0	0.132	0.035	0.41
455.854	 476	3.16356e-317	2.96439e-323	2.11517e-317	1.00282	0	0.132	0.035	0.43
449.566	 476	3.16356e-317	2.96439e-323	2.11517e-317	0.997252	0	0.132	0.035	0.45
448.685	 476	3.16356e-317	2.96439e-323	2.11517e-317	0.996721	0	0.132	0.035	0.47
493.129	 476	3.16356e-317	2.96439e-323	2.11517e-317	0.996531	0	0.132	0.035	0.49
534.401	 476	3.16356e-317	2.96439e-323	2.11517e-317	1.00433	0	0.132	0.039	0.31
501.107	 476	3.16356e-317	2.96439e-323	2.11517e-317	1.00417	0	0.132	0.039	0.33
519.714	 476	3.16356e-317	2.96439e-323	2.11517e-317	1.0039	0	0.132	0.039	0.35
446	 476	3.16356e-317	2.96439e-323	2.11517e-317	1.0039	0	0.132	0.039	0.37
519.415	 476	3.16356e-317	2.96439e-323	2.11517e-317	1.00357	0	0.132	0.039	0.39
478.57	 476	3.16356e-317	2.96439e-323	2.11517e-317	1.00352	0	0.132	0.039	0.41
511.049	 476	3.16356e-317	2.96439e-323	2.11517e-317	1.00338	0	0.132	0.039	0.43
500.808	 476	3.16356e-317	2.96439e-323	2.11517e-317	1.00298	0	0.132	0.039	0.45
497.557	 476	3.16356e-317	2.96439e-323	2.11517e-317	1.00268	0	0.132	0.039	0.47
546.664	 476	3.16356e-317	2.96439e-323	2.11517e-317	0.997082	0	0.132	0.039	0.49
454.456	 476	3.16356e-317	2.96439e-323	2.11517e-317	1.01168	0	0.132	0.043	0.31
488.23	 476	3.16356e-317	2.96439e-323	2.11517e-317	1.0087	0	0.132	0.043	0.33
549.049	 476	3.16356e-317	2.96439e-323	2.11517e-317	1.00407	0	0.132	0.043	0.35
508.637	 476	3.16356e-317	2.96439e-323	2.11517e-317	1.00798	0	0.132	0.043	0.37
539.616	 476	3.16356e-317	2.96439e-323	2.11517e-317	1.00406	0	0.132	0.043	0.39
519.728	 476	3.16356e-317	2.96439e-323	2.11517e-317	1.00374	0	0.132	0.043	0.41
487.978	 476	3.16356e-317	2.96439e-323	2.11517e-317	1.00331	0	0.132	0.043	0.43
569.595	 476	3.16356e-317	2.96439e-323	2.11517e-317	1.00331	0	0.132	0.043	0.45
595.83	 476	3.16356e-317	2.96439e-323	2.11517e-317	1.00304	0	0.132	0.043	0.47
564.259	 476	3.16356e-317	2.96439e-323	2.11517e-317	1.0028	0	0.132	0.043	0.49
511.931	 476	3.16356e-317	2.96439e-323	2.11517e-317	1.0121	0	0.132	0.047	0.31
471.387	 476	3.16356e-317	2.96439e-323	2.11517e-317	1.01251	0	0.132	0.047	0.33
531.429	 476	3.16356e-317	2.96439e-323	2.11517e-317	1.01161	0	0.132	0.047	0.35
518.309	 476	3.16356e-317	2.96439e-323	2.11517e-317	1.00791	0	0.132	0.047	0.37
585.659	 476	3.16356e-317	2.96439e-323	2.11517e-317	1.00413	0	0.132	0.047	0.39
572.091	 476	3.16356e-317	2.96439e-323	2.11517e-317	1.00405	0	0.132	0.047	0.41
574.598	 476	3.16356e-317	2.96439e-323	2.11517e-317	1.00364	0	0.132	0.047	0.43
577.765	 476	3.16356e-317	2.96439e-323	2.11517e-317	1.00349	0	0.132	0.047	0.45
614.878	 476	3.16356e-317	2.96439e-323	2.11517e-317	1.00358	0	0.132	0.047	0.47
559.692	 476	3.16356e-317	2.96439e-323	2.11517e-317	1.003	0	0.132	0.047	0.49
428.356	 476	3.16356e-317	2.96439e-323	2.11517e-317	0.997055	0	0.136	0.011	0.31
429.54	 476	3.16356e-317	2.96439e-323	2.11517e-317	0.996939	0	0.136	0.011	0.33
387.863	 476	3.16356e-317	2.96439e-323	2.11517e-317	0.996789	0	0.136	0.011	0.35
397.532	 476	3.16356e-317	2.96439e-323	2.11517e-317	0.99656	0	0.136	0.011	0.37
401.18	 476	3.16356e-317	2.96439e-323	2.11517e-317	0.996358	0	0.136	0.011	0.39
410.409	 476	3.16356e-317	2.96439e-323	2.11517e-317	0.995905	0	0.136	0.011	0.41
463.413	 476	3.16356e-317	2.96439e-323	2.11517e-317	0.996013	0	0.136	0.011	0.43
418.208	 476	3.16356e-317	2.96439e-323	2.11517e-317	0.992296	0	0.136	0.011	0.45
396.054	 476	3.16356e-317	2.96439e-323	2.11517e-317	0.988596	0	0.136	0.011	0.47
440.508	 476	3.16356e-317	2.96439e-323	2.11517e-317	0.988684	0	0.136	0.011	0.49
445.114	 476	3.16356e-317	2.96439e-323	2.11517e-317	1.00294	0	0.136	0.015	0.31
405.202	 476	3.16356e-317	2.96439e-323	2.11517e-317	0.997255	0	0.136	0.015	0.33
367.809	 476	3.16356e-317	2.96439e-323	2.11517e-317	0.996797	0	0.136	0.015	0.35
409.923	 476	3.16356e-317	2.96439e-323	2.11517e-317	0.996911	0	0.136	0.015	0.37
370.328	 476	3.16356e-317	2.96439e-323	2.11517e-317	0.996637	0	0.136	0.015	0.39
424.177	 476	3.16356e-317	2.96439e-323	2.11517e-317	0.996547	0	0.136	0.015	0.41
406.815	 476	3.16356e-317	2.96439e-323	2.11517e-317	0.996361	0	0.136	0.015	0.43
453.195	 476	3.16356e-317	2.96439e-323	2.11517e-317	0.995989	0	0.136	0.015	0.45
365.731	 476	3.16356e-317	2.96439e-323	2.11517e-317	0.991888	0	0.136	0.015	0.47
436.276	 476	3.16356e-317	2.96439e-323	2.11517e-317	0.992009	0	0.136	0.015	0.49
401.936	 476	3.16356e-317	2.96439e-323	2.11517e-317	1.00301	0	0.136	0.019	0.31
360.221	 476	3.16356e-317	2.96439e-323	2.11517e-317	1.00321	0	0.136	0.019	0.33
359.016	 476	3.16356e-317	2.96439e-323	2.11517e-317	1.00299	0	0.136	0.019	0.35
435.167	 476	3.16356e-317	2.96439e-323	2.11517e-317	0.997028	0	0.136	0.019	0.37
384.13	 476	3.16356e-317	2.96439e-323	2.11517e-317	0.997353	0	0.136	0.019	0.39
417.434	 476	3.16356e-317	2.96439e-323	2.11517e-317	0.996986	0	0.136	0.019	0.41
375.151	 476	3.16356e-317	2.96439e-323	2.11517e-317	0.996513	0	0.136	0.019	0.43
415.856	 476	3.16356e-317	2.96439e-323	2.11517e-317	0.99621	0	0.136	0.019	0.45
417.341	 476	3.16356e-317	2.96439e-323	2.11517e-317	0.995803	0	0.136	0.019	0.47
462.872	 476	3.16356e-317	2.96439e-323	2.11517e-317	0.996014	0	0.136	0.019	0.49
365.391	 476	3.16356e-317	2.96439e-323	2.11517e-317	1.00352	0	0.136	0.023	0.31
393.915	 476	3.16356e-317	2.96439e-323	2.11517e-317	1.00305	0	0.136	0.023	0.33
372.517	 476	3.16356e-317	2.96439e-323	2.11517e-317	1.00315	0	0.136	0.023	0.35
412.5	 476	3.16356e-317	2.96439e-323	2.11517e-317	1.00283	0	0.136	0.023	0.37
395.779	 476	3.16356e-317	2.96439e-323	2.11517e-317	1.00287	0	0.136	0.023	0.39
383.079	 476	3.16356e-317	2.96439e-323	2.11517e-317	0.997347	0	0.136	0.023	0.41
468.519	 476	3.16356e-317	2.96439e-323	2.11517e-317	0.997169	0	0.136	0.023	0.43
376.324	 476	3.16356e-317	2.96439e-323	2.11517e-317	0.996593	0	0.136	0.023	0.45
470.684	 476	3.16356e-317	2.96439e-323	2.11517e-317	0.996436	0	0.136	0.023	0.47
417.396	 476	3.16356e-317	2.96439e-323	2.11517e-317	0.996227	0	0.136	0.023	0.49
440.159	 476	3.16356e-317	2.96439e-323	2.11517e-317	1.00378	0	0.136	0.027	0.31
403.758	 476	3.16356e-317	2.96439e-323	2.11517e-317	1.00404	0	0.136	0.027	0.33
382.736	 476	3.16356e-317	2.96439e-323	2.11517e-317	1.0035	0	0.136	0.027	0.35
373.792	 476	3.16356e-317	2.96439e-323	2.11517e-317	1.00316	0	0.136	0.027	0.37
394.272	 476	3.16356e-317	2.96439e-323	2.11517e-317	1.00301	0	0.136	0.027	0.39
434.885	 476	3.16356e-317	2.96439e-323	2.11517e-317	1.00293	0	0.136	0.027	0.41
457.093	 476	3.16356e-317	2.96439e-323	2.11517e-317	0.997166	0	0.136	0.027	0.43
453.386	 476	3.16356e-317	2.96439e-323	2.11517e-317	0.996714	0	0.136	0.027	0.45
450.171	 476	3.16356e-317	2.96439e-323	2.11517e-317	0.99677	0	0.136	0.027	0.47
453.886	 476	3.16356e-317	2.96439e-323	2.11517e-317	0.996231	0	0.136	0.027	0.49
453.687	 476	3.16356e-317	2.96439e-323	2.11517e-317	1.00424	0	0.136	0.031	0.31
449.6	 476	3.16356e-317	2.96439e-323	2.11517e-317	1.00408	0	0.136	0.031	0.33
402.724	 476	3.16356e-317	2.96439e-323	2.11517e-317	1.00384	0	0.136	0.031	0.35
415.326	 476	3.16356e-317	2.96439e-323	2.11517e-317	1.00379	0	0.136	0.031	0.37
414.856	 476	3.16356e-317	2.96439e-323	2.11517e-317	1.00336	0	0.136	0.031	0.39
437.399	 476	3.16356e-317	2.96439e-323	2.11517e-317	1.00324	0	0.136	0.031	0.41
418.732	 476	3.16356e-317	2.96439e-323	2.11517e-317	1.00286	0	0.136	0.031	0.43
481.829	 476	3.16356e-317	2.96439e-323	2.11517e-317	0.997244	0	0.136	0.031	0.45
485.909	 476	3.16356e-317	2.96439e-323	2.11517e-317	0.997086	0	0.136	0.031	0.47
518.97	 476	3.16356e-317	2.96439e-323	2.11517e-317	0.996707	0	0.136	0.031	0.49
411.138	 476	3.16356e-317	2.96439e-323	2.11517e-317	1.01188	0	0.136	0.035	0.31
494.651	 476	3.16356e-317	2.96439e-323	2.11517e-317	1.00404	0	0.136	0.035	0.33
439.227	 476	3.16356e-317	2.96439e-323	2.11517e-317	1.00406	0	0.136	0.035	0.35
476.924	 476	3.16356e-317	2.96439e-323	2.11517e-317	1.00382	0	0.136	0.035	0.37
479.235	 476	3.16356e-317	2.96439e-323	2.11517e-317	1.00361	0	0.136	0.035	0.39
418.87	 476	3.16356e-317	2.96439e-323	2.11517e-317	1.00358	0	0.136	0.035	0.41
494.82	 476	3.16356e-317	2.96439e-323	2.11517e-317	1.00334	0	0.136	0.035	0.43
498.696	 476	3.16356e-317	2.96439e-323	2.11517e-317	1.003	0	0.136	0.035	0.45
498.18	 476	3.16356e-317	2.96439e-323	2.11517e-317	1.00273	0	0.136	0.035	0.47
541.804	 476	3.16356e-317	2.96439e-323	2.11517e-317	0.997212	0	0.136	0.035	0.49
429.158	 476	3.16356e-317	2.96439e-323	2.11517e-317	1.01172	0	0.136	0.039	0.31
524.003	 476	3.16356e-317	2.96439e-323	2.11517e-317	1.00431	0	0.136	0.039	0.33
472.374	 476	3.16356e-317	2.96439e-323	2.11517e-317	1.00982	0	0.136	0.039	0.35
470.721	 476	3.16356e-317	2.96439e-323	2.11517e-317	1.00427	0	0.136	0.039	0.37
488.586	 476	3.16356e-317	2.96439e-323	2.11517e-317	1.00415	0	0.136	0.039	0.39
511.49	 476	3.16356e-317	2.96439e-323	2.11517e-317	1.00377	0	0.136	0.039	0.41
558.215	 476	3.16356e-317	2.96439e-323	2.11517e-317	1.00377	0	0.136	0.039	0.43
520.018	 476	3.16356e-317	2.96439e-323	2.11517e-317	1.00321	0	0.136	0.039	0.45
529.581	 476	3.16356e-317	2.96439e-323	2.11517e-317	1.00313	0	0.136	0.039	0.47
559.23	 476	3.16356e-317	2.96439e-323	2.11517e-317	1.00285	0	0.136	0.039	0.49
494.55	 476	3.16356e-317	2.96439e-323	2.11517e-317	1.01222	0	0.136	0.043	0.31
520.187	 476	3.16356e-317	2.96439e-323	2.11517e-317	1.01166	0	0.136	0.043	0.33
602.189	 476	3.16356e-317	2.96439e-323	2.11517e-317	1.00433	0	0.136	0.043	0.35
539.774	 476	3.16356e-317	2.96439e-323	2.11517e-317	1.01125	0	0.136	0.043	0.37
576.517	 476	3.16356e-317	2.96439e-323	2.11517e-317	1.00432	0	0.136	0.043	0.39
541.786	 476	3.16356e-317	2.96439e-323	2.11517e-317	1.00403	0	0.136	0.043	0.41
535.492	 476	3.16356e-317	2.96439e-323	2.11517e-317	1.00384	0	0.136	0.043	0.43
604.924	 476	3.16356e-317	2.96439e-323	2.11517e-317	1.00361	0	0.136	0.043	0.45
564.24	 476	3.16356e-317	2.96439e-323	2.11517e-317	1.00334	0	0.136	0.043	0.47
555.565	 476	3.16356e-317	2.96439e-323	2.11517e-317	1.00335	0	0.136	0.043	0.49
582.152	 476	3.16356e-317	2.96439e-323	2.11517e-317	1.01527	0	0.136	0.047	0.31
532.589	 476	3.16356e-317	2.96439e-323	2.11517e-317	1.01204	0	0.136	0.047	0.33
499.983	 476	3.16356e-317	2.96439e-323	2.11517e-317	1.01211	0	0.136	0.047	0.35
547.554	 476	3.16356e-317	2.96439e-323	2.11517e-317	1.01184	0	0.136	0.047	0.37
611.051	 476	3.16356e-317	2.96439e-323	2.11517e-317	1.00945	0	0.136	0.047	0.39
627.019	 476	3.16356e-317	2.96439e-323	2.11517e-317	1.00416	0	0.136	0.047	0.41
640.496	 476	3.16356e-317	2.96439e-323	2.11517e-317	1.00396	0	0.136	0.047	0.43
576.997	 476	3.16356e-317	2.96439e-323	2.11517e-317	1.00397	0	0.136	0.047	0.45
620.49	 476	3.16356e-317	2.96439e-323	2.11517e-317	1.00368	0	0.136	0.047	0.47
621.18	 476	3.16356e-317	2.96439e-323	2.11517e-317	1.00321	0	0.136	0.047	0.49
439.416	 476	3.16356e-317	2.96439e-323	2.11517e-317	1.00287	0	0.14	0.011	0.31
440.486	 476	3.16356e-317	2.96439e-323	2.11517e-317	1.00262	0	0.14	0.011	0.33
431.597	 476	3.16356e-317	2.96439e-323	2.11517e-317	0.996986	0	0.14	0.011	0.35
390.822	 476	3.16356e-317	2.96439e-323	2.11517e-317	0.996779	0	0.14	0.011	0.37
416.304	 476	3.16356e-317	2.96439e-323	2.11517e-317	0.996767	0	0.14	0.011	0.39
417.045	 476	3.16356e-317	2.96439e-323	2.11517e-317	0.996083	0	0.14	0.011	0.41
379.398	 476	3.16356e-317	2.96439e-323	2.11517e-317	0.996154	0	0.14	0.011	0.43
427.704	 476	3.16356e-317	2.96439e-323	2.11517e-317	0.996165	0	0.14	0.011	0.45
412.251	 476	3.16356e-317	2.96439e-323	2.11517e-317	0.992298	0	0.14	0.011	0.47
385.397	 476	3.16356e-317	2.96439e-323	2.11517e-317	0.98939	0	0.14	0.011	0.49
401.74	 476	3.16356e-317	2.96439e-323	2.11517e-317	1.00329	0	0.14	0.015	0.31
358.861	 476	3.16356e-317	2.96439e-323	2.11517e-317	1.00346	0	0.14	0.015	0.33
420.834	 476	3.16356e-317	2.96439e-323	2.11517e-317	1.00298	0	0.14	0.015	0.35
373.884	 476	3.16356e-317	2.96439e-323	2.11517e-317	0.997159	0	0.14	0.015	0.37
386.582	 476	3.16356e-317	2.96439e-323	2.11517e-317	0.996965	0	0.14	0.015	0.39
373.761	 476	3.16356e-317	2.96439e-323	2.11517e-317	0.996645	0	0.14	0.015	0.41
374.987	 476	3.16356e-317	2.96439e-323	2.11517e-317	0.99654	0	0.14	0.015	0.43
378.012	 476	3.16356e-317	2.96439e-323	2.11517e-317	0.996396	0	0.14	0.015	0.45
451.683	 476	3.16356e-317	2.96439e-323	2.11517e-317	0.995959	0	0.14	0.015	0.47
456.114	 476	3.16356e-317	2.96439e-323	2.11517e-317	0.99604	0	0.14	0.015	0.49
369.463	 476	3.16356e-317	2.96439e-323	2.11517e-317	1.0036	0	0.14	0.019	0.31
368.985	 476	3.16356e-317	2.96439e-323	2.11517e-317	1.00364	0	0.14	0.019	0.33
425.967	 476	3.16356e-317	2.96439e-323	2.11517e-317	1.00306	0	0.14	0.019	0.35
388.449	 476	3.16356e-317	2.96439e-323	2.11517e-317	1.00317	0	0.14	0.019	0.37
424.752	 476	3.16356e-317	2.96439e-323	2.11517e-317	1.00281	0	0.14	0.019	0.39
405.975	 476	3.16356e-317	2.96439e-323	2.11517e-317	0.99712	0	0.14	0.019	0.41
390.697	 476	3.16356e-317	2.96439e-323	2.11517e-317	0.996979	0	0.14	0.019	0.43
394.52	 476	3.16356e-317	2.96439e-323	2.11517e-317	0.996675	0	0.14	0.019	0.45
443.97	 476	3.16356e-317	2.96439e-323	2.11517e-317	0.996411	0	0.14	0.019	0.47
457.311	 476	3.16356e-317	2.96439e-323	2.11517e-317	0.99639	0	0.14	0.019	0.49
460.371	 476	3.16356e-317	2.96439e-323	2.11517e-317	1.00398	0	0.14	0.023	0.31
416.49	 476	3.16356e-317	2.96439e-323	2.11517e-317	1.00403	0	0.14	0.023	0.33
372.52	 476	3.16356e-317	2.96439e-323	2.11517e-317	1.00366	0	0.14	0.023	0.35
413.844	 476	3.16356e-317	2.96439e-323	2.11517e-317	1.00338	0	0.14	0.023	0.37
402.775	 476	3.16356e-317	2.96439e-323	2.11517e-317	1.00297	0	0.14	0.023	0.39
396.878	 476	3.16356e-317	2.96439e-323	2.11517e-317	1.00298	0	0.14	0.023	0.41
435.751	 476	3.16356e-317	2.96439e-323	2.11517e-317	0.99719	0	0.14	0.023	0.43
409.707	 476	3.16356e-317	2.96439e-323	2.11517e-317	0.997192	0	0.14	0.023	0.45
417.531	 476	3.16356e-317	2.96439e-323	2.11517e-317	0.996687	0	0.14	0.023	0.47
433.828	 476	3.16356e-317	2.96439e-323	2.11517e-317	0.996269	0	0.14	0.023	0.49
454.612	 476	3.16356e-317	2.96439e-323	2.11517e-317	1.00872	0	0.14	0.027	0.31
439.307	 476	3.16356e-317	2.96439e-323	2.11517e-317	1.00416	0	0.14	0.027	0.33
374.127	 476	3.16356e-317	2.96439e-323	2.11517e-317	1.00381	0	0.14	0.027	0.35
429.946	 476	3.16356e-317	2.96439e-323	2.11517e-317	1.00349	0	0.14	0.027	0.37
388.732	 476	3.16356e-317	2.96439e-323	2.11517e-317	1.00342	0	0.14	0.027	0.39
392.737	 476	3.16356e-317	2.96439e-323	2.11517e-317	1.00334	0	0.14	0.027	0.41
396.353	 476	3.16356e-317	2.96439e-323	2.11517e-317	1.00309	0	0.14	0.027	0.43
490.513	 476	3.16356e-317	2.96439e-323	2.11517e-317	0.997301	0	0.14	0.027	0.45
440.966	 476	3.16356e-317	2.96439e-323	2.11517e-317	0.997236	0	0.14	0.027	0.47
501.49	 476	3.16356e-317	2.96439e-323	2.11517e-317	0.996956	0	0.14	0.027	0.49
448.183	 476	3.16356e-317	2.96439e-323	2.11517e-317	1.00824	0	0.14	0.031	0.31
469.998	 476	3.16356e-317	2.96439e-323	2.11517e-317	1.00405	0	0.14	0.031	0.33
432.685	 476	3.16356e-317	2.96439e-323	2.11517e-317	1.00398	0	0.14	0.031	0.35
453.774	 476	3.16356e-317	2.96439e-323	2.11517e-317	1.00396	0	0.14	0.031	0.37
430.569	 476	3.16356e-317	2.96439e-323	2.11517e-317	1.00373	0	0.14	0.031	0.39
440.092	 476	3.16356e-317	2.96439e-323	2.11517e-317	1.00324	0	0.14	0.031	0.41
454.558	 476	3.16356e-317	2.96439e-323	2.11517e-317	1.00346	0	0.14	0.031	0.43
527.473	 476	3.16356e-317	2.96439e-323	2.11517e-317	1.00321	0	0.14	0.031	0.45
488.485	 476	3.16356e-317	2.96439e-323	2.11517e-317	1.00283	0	0.14	0.031	0.47
545.507	 476	3.16356e-317	2.96439e-323	2.11517e-317	1.00277	0	0.14	0.031	0.49
415.904	 476	3.16356e-317	2.96439e-323	2.11517e-317	1.01175	0	0.14	0.035	0.31
554.346	 476	3.16356e-317	2.96439e-323	2.11517e-317	1.00436	0	0.14	0.035	0.33
537.941	 476	3.16356e-317	2.96439e-323	2.11517e-317	1.00426	0	0.14	0.035	0.35
457.444	 476	3.16356e-317	2.96439e-323	2.11517e-317	1.00431	0	0.14	0.035	0.37
490.703	 476	3.16356e-317	2.96439e-323	2.11517e-317	1.00784	0	0.14	0.035	0.39
455.675	 476	3.16356e-317	2.96439e-323	2.11517e-317	1.00355	0	0.14	0.035	0.41
513.449	 476	3.16356e-317	2.96439e-323	2.11517e-317	1.00362	0	0.14	0.035	0.43
474.723	 476	3.16356e-317	2.96439e-323	2.11517e-317	1.00342	0	0.14	0.035	0.45
511.244	 476	3.16356e-317	2.96439e-323	2.11517e-317	1.00318	0	0.14	0.035	0.47
496.17	 476	3.16356e-317	2.96439e-323	2.11517e-317	1.00304	0	0.14	0.035	0.49
470.404	 476	3.16356e-317	2.96439e-323	2.11517e-317	1.01159	0	0.14	0.039	0.31
496.766	 476	3.16356e-317	2.96439e-323	2.11517e-317	1.01136	0	0.14	0.039	0.33
484.594	 476	3.16356e-317	2.96439e-323	2.11517e-317	1.01192	0	0.14	0.039	0.35
501.114	 476	3.16356e-317	2.96439e-323	2.11517e-317	1.00829	0	0.14	0.039	0.37
574.453	 476	3.16356e-317	2.96439e-323	2.11517e-317	1.00427	0	0.14	0.039	0.39
523.789	 476	3.16356e-317	2.96439e-323	2.11517e-317	1.00378	0	0.14	0.039	0.41
501.938	 476	3.16356e-317	2.96439e-323	2.11517e-317	1.00369	0	0.14	0.039	0.43
542.935	 476	3.16356e-317	2.96439e-323	2.11517e-317	1.00338	0	0.14	0.039	0.45
531.629	 476	3.16356e-317	2.96439e-323	2.11517e-317	1.00343	0	0.14	0.039	0.47
589.926	 476	3.16356e-317	2.96439e-323	2.11517e-317	1.00324	0	0.14	0.039	0.49
513.92	 476	3.16356e-317	2.96439e-323	2.11517e-317	1.01663	0	0.14	0.043	0.31
543.656	 476	3.16356e-317	2.96439e-323	2.11517e-317	1.01245	0	0.14	0.043	0.33
547.352	 476	3.16356e-317	2.96439e-323	2.11517e-317	1.01157	0	0.14	0.043	0.35
511.53	 476	3.16356e-317	2.96439e-323	2.11517e-317	1.01144	0	0.14	0.043	0.37
581.261	 476	3.16356e-317	2.96439e-323	2.11517e-317	1.01069	0	0.14	0.043	0.39
609.658	 476	3.16356e-317	2.96439e-323	2.11517e-317	1.00429	0	0.14	0.043	0.41
575.521	 476	3.16356e-317	2.96439e-323	2.11517e-317	1.00392	0	0.14	0.043	0.43
574.317	 476	3.16356e-317	2.96439e-323	2.11517e-317	1.00408	0	0.14	0.043	0.45
584.384	 476	3.16356e-317	2.96439e-323	2.11517e-317	1.00358	0	0.14	0.043	0.47
690.608	 476	3.16356e-317	2.96439e-323	2.11517e-317	1.00353	0	0.14	0.043	0.49
527.642	 476	3.16356e-317	2.96439e-323	2.11517e-317	1.01716	0	0.14	0.047	0.31
529.587	 476	3.16356e-317	2.96439e-323	2.11517e-317	1.01598	0	0.14	0.047	0.33
571.249	 476	3.16356e-317	2.96439e-323	2.11517e-317	1.01441	0	0.14	0.047	0.35
579.76	 476	3.16356e-317	2.96439e-323	2.11517e-317	1.01167	0	0.14	0.047	0.37
621.384	 476	3.16356e-317	2.96439e-323	2.11517e-317	1.01229	0	0.14	0.047	0.39
726.527	 476	3.16356e-317	2.96439e-323	2.11517e-317	1.00423	0	0.14	0.047	0.41
657.04	 476	3.16356e-317	2.96439e-323	2.11517e-317	1.00398	0	0.14	0.047	0.43
635.747	 476	3.16356e-317	2.96439e-323	2.11517e-317	1.00413	0	0.14	0.047	0.45
632.265	 476	3.16356e-317	2.96439e-323	2.11517e-317	1.00378	0	0.14	0.047	0.47
713.694	 476	3.16356e-317	2.96439e-323	2.11517e-317	1.00382	0	0.14	0.047	0.49
402.8	 476	3.16356e-317	2.96439e-323	2.11517e-317	1.0032	0	0.144	0.011	0.31
376.359	 476	3.16356e-317	2.96439e-323	2.11517e-317	1.00321	0	0.144	0.011	0.33
418.165	 476	3.16356e-317	2.96439e-323	2.11517e-317	1.00287	0	0.144	0.011	0.35
412.814	 476	3.16356e-317	2.96439e-323	2.11517e-317	0.99722	0	0.144	0.011	0.37
378.717	 476	3.16356e-317	2.96439e-323	2.11517e-317	0.996933	0	0.144	0.011	0.39
356.344	 476	3.16356e-317	2.96439e-323	2.11517e-317	0.996578	0	0.144	0.011	0.41
410.37	 476	3.16356e-317	2.96439e-323	2.11517e-317	0.995018	0	0.144	0.011	0.43
382.03	 476	3.16356e-317	2.96439e-323	2.11517e-317	0.996283	0	0.144	0.011	0.45
438.39	 476	3.16356e-317	2.96439e-323	2.11517e-317	0.995961	0	0.144	0.011	0.47
416.524	 476	3.16356e-317	2.96439e-323	2.11517e-317	0.992682	0	0.144	0.011	0.49
440.009	 476	3.16356e-317	2.96439e-323	2.11517e-317	1.00362	0	0.144	0.015	0.31
363.937	 476	3.16356e-317	2.96439e-323	2.11517e-317	1.00341	0	0.144	0.015	0.33
376.908	 476	3.16356e-317	2.96439e-323	2.11517e-317	1.0033	0	0.144	0.015	0.35
393.396	 476	3.16356e-317	2.96439e-323	2.11517e-317	1.00286	0	0.144	0.015	0.37
398.792	 476	3.16356e-317	2.96439e-323	2.11517e-317	1.00282	0	0.144	0.015	0.39
408.204	 476	3.16356e-317	2.96439e-323	2.11517e-317	1.00287	0	0.144	0.015	0.41
406.722	 476	3.16356e-317	2.96439e-323	2.11517e-317	0.99704	0	0.144	0.015	0.43
435.265	 476	3.16356e-317	2.96439e-323	2.11517e-317	0.996592	0	0.144	0.015	0.45
399.031	 476	3.16356e-317	2.96439e-323	2.11517e-317	0.996721	0	0.144	0.015	0.47
407.124	 476	3.16356e-317	2.96439e-323	2.11517e-317	0.994019	0	0.144	0.015	0.49
410.536	 476	3.16356e-317	2.96439e-323	2.11517e-317	1.00374	0	0.144	0.019	0.31
411.755	 476	3.16356e-317	2.96439e-323	2.11517e-317	1.00376	0	0.144	0.019	0.33
402.688	 476	3.16356e-317	2.96439e-323	2.11517e-317	1.00349	0	0.144	0.019	0.35
385.9	 476	3.16356e-317	2.96439e-323	2.11517e-317	1.00336	0	0.144	0.019	0.37
386.174	 476	3.16356e-317	2.96439e-323	2.11517e-317	1.00284	0	0.144	0.019	0.39
419.178	 476	3.16356e-317	2.96439e-323	2.11517e-317	1.00275	0	0.144	0.019	0.41
448.785	 476	3.16356e-317	2.96439e-323	2.11517e-317	0.997084	0	0.144	0.019	0.43
392.486	 476	3.16356e-317	2.96439e-323	2.11517e-317	0.996966	0	0.144	0.019	0.45
397.659	 476	3.16356e-317	2.96439e-323	2.11517e-317	0.996606	0	0.144	0.019	0.47
413.905	 476	3.16356e-317	2.96439e-323	2.11517e-317	0.996546	0	0.144	0.019	0.49
457.535	 476	3.16356e-317	2.96439e-323	2.11517e-317	1.00385	0	0.144	0.023	0.31
420.864	 476	3.16356e-317	2.96439e-323	2.11517e-317	1.00398	0	0.144	0.023	0.33
391.845	 476	3.16356e-317	2.96439e-323	2.11517e-317	1.0041	0	0.144	0.023	0.35
429.105	 476	3.16356e-317	2.96439e-323	2.11517e-317	1.00359	0	0.144	0.023	0.37
434.909	 476	3.16356e-317	2.96439e-323	2.11517e-317	1.00354	0	0.144	0.023	0.39
409.683	 476	3.16356e-317	2.96439e-323	2.11517e-317	1.00316	0	0.144	0.023	0.41
417.897	 476	3.16356e-317	2.96439e-323	2.11517e-317	1.00277	0	0.144	0.023	0.43
410.204	 476	3.16356e-317	2.96439e-323	2.11517e-317	1.00265	0	0.144	0.023	0.45
438.959	 476	3.16356e-317	2.96439e-323	2.11517e-317	0.996814	0	0.144	0.023	0.47
421.946	 476	3.16356e-317	2.96439e-323	2.11517e-317	0.996921	0	0.144	0.023	0.49
402.232	 476	3.16356e-317	2.96439e-323	2.11517e-317	1.01179	0	0.144	0.027	0.31
420.232	 476	3.16356e-317	2.96439e-323	2.11517e-317	1.00767	0	0.144	0.027	0.33
439.429	 476	3.16356e-317	2.96439e-323	2.11517e-317	1.0043	0	0.144	0.027	0.35
406.228	 476	3.16356e-317	2.96439e-323	2.11517e-317	1.00399	0	0.144	0.027	0.37
432.957	 476	3.16356e-317	2.96439e-323	2.11517e-317	1.0034	0	0.144	0.027	0.39
422.636	 476	3.16356e-317	2.96439e-323	2.11517e-317	1.00328	0	0.144	0.027	0.41
419.859	 476	3.16356e-317	2.96439e-323	2.11517e-317	1.00332	0	0.144	0.027	0.43
457.053	 476	3.16356e-317	2.96439e-323	2.11517e-317	1.0032	0	0.144	0.027	0.45
477.71	 476	3.16356e-317	2.96439e-323	2.11517e-317	1.00286	0	0.144	0.027	0.47
474.411	 476	3.16356e-317	2.96439e-323	2.11517e-317	0.997004	0	0.144	0.027	0.49
457.918	 476	3.16356e-317	2.96439e-323	2.11517e-317	1.01139	0	0.144	0.031	0.31
484.752	 476	3.16356e-317	2.96439e-323	2.11517e-317	1.01107	0	0.144	0.031	0.33
449.991	 476	3.16356e-317	2.96439e-323	2.11517e-317	1.00899	0	0.144	0.031	0.35
471.55	 476	3.16356e-317	2.96439e-323	2.11517e-317	1.01045	0	0.144	0.031	0.37
413.475	 476	3.16356e-317	2.96439e-323	2.11517e-317	1.00403	0	0.144	0.031	0.39
455.085	 476	3.16356e-317	2.96439e-323	2.11517e-317	1.00382	0	0.144	0.031	0.41
464.492	 476	3.16356e-317	2.96439e-323	2.11517e-317	1.00352	0	0.144	0.031	0.43
516.917	 476	3.16356e-317	2.96439e-323	2.11517e-317	1.00306	0	0.144	0.031	0.45
492.647	 476	3.16356e-317	2.96439e-323	2.11517e-317	1.003	0	0.144	0.031	0.47
513.041	 476	3.16356e-317	2.96439e-323	2.11517e-317	0.997234	0	0.144	0.031	0.49
496.279	 476	3.16356e-317	2.96439e-323	2.11517e-317	1.01266	0	0.144	0.035	0.31
479.501	 476	3.16356e-317	2.96439e-323	2.11517e-317	1.01197	0	0.144	0.035	0.33
461.064	 476	3.16356e-317	2.96439e-323	2.11517e-317	1.01211	0	0.144	0.035	0.35
491.83	 476	3.16356e-317	2.96439e-323	2.11517e-317	1.00865	0	0.144	0.035	0.37
527.234	 476	3.16356e-317	2.96439e-323	2.11517e-317	1.0086	0	0.144	0.035	0.39
542.978	 476	3.16356e-317	2.96439e-323	2.11517e-317	1.00391	0	0.144	0.035	0.41
490.333	 476	3.16356e-317	2.96439e-323	2.11517e-317	1.00404	0	0.144	0.035	0.43
526.923	 476	3.16356e-317	2.96439e-323	2.11517e-317	1.00352	0	0.144	0.035	0.45
572.609	 476	3.16356e-317	2.96439e-323	2.11517e-317	1.00345	0	0.144	0.035	0.47
570.093	 476	3.16356e-317	2.96439e-323	2.11517e-317	1.00332	0	0.144	0.035	0.49
535.675	 476	3.16356e-317	2.96439e-323	2.11517e-317	1.01525	0	0.144	0.039	0.31
522.111	 476	3.16356e-317	2.96439e-323	2.11517e-317	1.01386	0	0.144	0.039	0.33
571.008	 476	3.16356e-317	2.96439e-323	2.11517e-317	1.01183	0	0.144	0.039	0.35
525.413	 476	3.16356e-317	2.96439e-323	2.11517e-317	1.01203	0	0.144	0.039	0.37
588.27	 476	3.16356e-317	2.96439e-323	2.11517e-317	1.00428	0	0.144	0.039	0.39
557.643	 476	3.16356e-317	2.96439e-323	2.11517e-317	1.00867	0	0.144	0.039	0.41
565.864	 476	3.16356e-317	2.96439e-323	2.11517e-317	1.00383	0	0.144	0.039	0.43
597.252	 476	3.16356e-317	2.96439e-323	2.11517e-317	1.00377	0	0.144	0.039	0.45
595.355	 476	3.16356e-317	2.96439e-323	2.11517e-317	1.0035	0	0.144	0.039	0.47
634.421	 476	3.16356e-317	2.96439e-323	2.11517e-317	1.00348	0	0.144	0.039	0.49
535.845	 476	3.16356e-317	2.96439e-323	2.11517e-317	1.01619	0	0.144	0.043	0.31
577.297	 476	3.16356e-317	2.96439e-323	2.11517e-317	1.01608	0	0.144	0.043	0.33
507.543	 476	3.16356e-317	2.96439e-323	2.11517e-317	1.01341	0	0.144	0.043	0.35
536.916	 476	3.16356e-317	2.96439e-323	2.11517e-317	1.012	0	0.144	0.043	0.37
592.339	 476	3.16356e-317	2.96439e-323	2.11517e-317	1.01167	0	0.144	0.043	0.39
640.322	 476	3.16356e-317	2.96439e-323	2.11517e-317	1.01137	0	0.144	0.043	0.41
717.85	 476	3.16356e-317	2.96439e-323	2.11517e-317	1.00424	0	0.144	0.043	0.43
595.4	 476	3.16356e-317	2.96439e-323	2.11517e-317	1.00422	0	0.144	0.043	0.45
648.834	 476	3.16356e-317	2.96439e-323	2.11517e-317	1.00409	0	0.144	0.043	0.47
695.472	 476	3.16356e-317	2.96439e-323	2.11517e-317	1.00607	0	0.144	0.043	0.49
576.833	 476	3.16356e-317	2.96439e-323	2.11517e-317	1.01702	0	0.144	0.047	0.31
570.34	 476	3.16356e-317	2.96439e-323	2.11517e-317	1.01585	0	0.144	0.047	0.33
617.906	 476	3.16356e-317	2.96439e-323	2.11517e-317	1.01487	0	0.144	0.047	0.35
631.881	 476	3.16356e-317	2.96439e-323	2.11517e-317	1.0153	0	0.144	0.047	0.37
621.31	 476	3.16356e-317	2.96439e-323	2.11517e-317	1.01215	0	0.144	0.047	0.39
597.443	 476	3.16356e-317	2.96439e-323	2.11517e-317	1.01133	0	0.144	0.047	0.41
616.71	 476	3.16356e-317	2.96439e-323	2.11517e-317	1.0113	0	0.144	0.047	0.43
638.404	 476	3.16356e-317	2.96439e-323	2.11517e-317	1.01104	0	0.144	0.047	0.45
755.998	 476	3.16356e-317	2.96439e-323	2.11517e-317	1.00408	0	0.144	0.047	0.47
728.045	 476	3.16356e-317	2.96439e-323	2.11517e-317	1.00728	0	0.144	0.047	0.49
393.108	 476	3.16356e-317	2.96439e-323	2.11517e-317	1.00335	0	0.148	0.011	0.31
382.412	 476	3.16356e-317	2.96439e-323	2.11517e-317	1.00373	0	0.148	0.011	0.33
400.611	 476	3.16356e-317	2.96439e-323	2.11517e-317	1.00309	0	0.148	0.011	0.35
369.277	 476	3.16356e-317	2.96439e-323	2.11517e-317	1.00321	0	0.148	0.011	0.37
399.643	 476	3.16356e-317	2.96439e-323	2.11517e-317	0.997176	0	0.148	0.011	0.39
393.596	 476	3.16356e-317	2.96439e-323	2.11517e-317	0.997013	0	0.148	0.011	0.41
377.218	 476	3.16356e-317	2.96439e-323	2.11517e-317	0.996927	0	0.148	0.011	0.43
400.192	 476	3.16356e-317	2.96439e-323	2.11517e-317	0.996521	0	0.148	0.011	0.45
425.057	 476	3.16356e-317	2.96439e-323	2.11517e-317	0.996498	0	0.148	0.011	0.47
417.759	 476	3.16356e-317	2.96439e-323	2.11517e-317	0.996346	0	0.148	0.011	0.49
378.831	 476	3.16356e-317	2.96439e-323	2.11517e-317	1.00394	0	0.148	0.015	0.31
407.29	 476	3.16356e-317	2.96439e-323	2.11517e-317	1.00355	0	0.148	0.015	0.33
380.059	 476	3.16356e-317	2.96439e-323	2.11517e-317	1.00319	0	0.148	0.015	0.35
393.137	 476	3.16356e-317	2.96439e-323	2.11517e-317	1.00311	0	0.148	0.015	0.37
397.866	 476	3.16356e-317	2.96439e-323	2.11517e-317	1.00316	0	0.148	0.015	0.39
391.363	 476	3.16356e-317	2.96439e-323	2.11517e-317	1.00287	0	0.148	0.015	0.41
403.411	 476	3.16356e-317	2.96439e-323	2.11517e-317	0.997334	0	0.148	0.015	0.43
403.348	 476	3.16356e-317	2.96439e-323	2.11517e-317	0.996987	0	0.148	0.015	0.45
429.893	 476	3.16356e-317	2.96439e-323	2.11517e-317	0.99692	0	0.148	0.015	0.47
437.35	 476	3.16356e-317	2.96439e-323	2.11517e-317	0.996855	0	0.148	0.015	0.49
454.24	 476	3.16356e-317	2.96439e-323	2.11517e-317	1.0042	0	0.148	0.019	0.31
425.211	 476	3.16356e-317	2.96439e-323	2.11517e-317	1.00419	0	0.148	0.019	0.33
388.991	 476	3.16356e-317	2.96439e-323	2.11517e-317	1.00409	0	0.148	0.019	0.35
361.338	 476	3.16356e-317	2.96439e-323	2.11517e-317	1.00373	0	0.148	0.019	0.37
362.002	 476	3.16356e-317	2.96439e-323	2.11517e-317	1.00337	0	0.148	0.019	0.39
398.138	 476	3.16356e-317	2.96439e-323	2.11517e-317	1.0033	0	0.148	0.019	0.41
396.015	 476	3.16356e-317	2.96439e-323	2.11517e-317	1.00306	0	0.148	0.019	0.43
409.543	 476	3.16356e-317	2.96439e-323	2.11517e-317	1.0026	0	0.148	0.019	0.45
473.133	 476	3.16356e-317	2.96439e-323	2.11517e-317	1.00273	0	0.148	0.019	0.47
429.074	 476	3.16356e-317	2.96439e-323	2.11517e-317	0.996975	0	0.148	0.019	0.49
403.377	 476	3.16356e-317	2.96439e-323	2.11517e-317	1.00834	0	0.148	0.023	0.31
438.46	 476	3.16356e-317	2.96439e-323	2.11517e-317	1.00768	0	0.148	0.023	0.33
417	 476	3.16356e-317	2.96439e-323	2.11517e-317	1.0107	0	0.148	0.023	0.35
401.397	 476	3.16356e-317	2.96439e-323	2.11517e-317	1.00374	0	0.148	0.023	0.37
394.085	 476	3.16356e-317	2.96439e-323	2.11517e-317	1.00352	0	0.148	0.023	0.39
413.983	 476	3.16356e-317	2.96439e-323	2.11517e-317	1.00345	0	0.148	0.023	0.41
437.516	 476	3.16356e-317	2.96439e-323	2.11517e-317	1.00313	0	0.148	0.023	0.43
442.189	 476	3.16356e-317	2.96439e-323	2.11517e-317	1.0032	0	0.148	0.023	0.45
481.728	 476	3.16356e-317	2.96439e-323	2.11517e-317	1.00299	0	0.148	0.023	0.47
464.802	 476	3.16356e-317	2.96439e-323	2.11517e-317	0.997258	0	0.148	0.023	0.49
414.232	 476	3.16356e-317	2.96439e-323	2.11517e-317	1.01187	0	0.148	0.027	0.31
434.741	 476	3.16356e-317	2.96439e-323	2.11517e-317	1.00899	0	0.148	0.027	0.33
438.609	 476	3.16356e-317	2.96439e-323	2.11517e-317	1.01139	0	0.148	0.027	0.35
490.4	 476	3.16356e-317	2.96439e-323	2.11517e-317	1.00431	0	0.148	0.027	0.37
452.006	 476	3.16356e-317	2.96439e-323	2.11517e-317	1.00375	0	0.148	0.027	0.39
423.131	 476	3.16356e-317	2.96439e-323	2.11517e-317	1.00377	0	0.148	0.027	0.41
481.731	 476	3.16356e-317	2.96439e-323	2.11517e-317	1.00359	0	0.148	0.027	0.43
468.13	 476	3.16356e-317	2.96439e-323	2.11517e-317	1.00314	0	0.148	0.027	0.45
483.706	 476	3.16356e-317	2.96439e-323	2.11517e-317	1.00319	0	0.148	0.027	0.47
540.087	 476	3.16356e-317	2.96439e-323	2.11517e-317	1.00277	0	0.148	0.027	0.49
467.4	 476	3.16356e-317	2.96439e-323	2.11517e-317	1.01508	0	0.148	0.031	0.31
449.331	 476	3.16356e-317	2.96439e-323	2.11517e-317	1.01202	0	0.148	0.031	0.33
447.196	 476	3.16356e-317	2.96439e-323	2.11517e-317	1.01161	0	0.148	0.031	0.35
466.438	 476	3.16356e-317	2.96439e-323	2.11517e-317	1.00831	0	0.148	0.031	0.37
453.025	 476	3.16356e-317	2.96439e-323	2.11517e-317	1.0079	0	0.148	0.031	0.39
525.771	 476	3.16356e-317	2.96439e-323	2.11517e-317	1.00386	0	0.148	0.031	0.41
553.25	 476	3.16356e-317	2.96439e-323	2.11517e-317	1.0038	0	0.148	0.031	0.43
526.118	 476	3.16356e-317	2.96439e-323	2.11517e-317	1.00349	0	0.148	0.031	0.45
502.614	 476	3.16356e-317	2.96439e-323	2.11517e-317	1.00335	0	0.148	0.031	0.47
544.811	 476	3.16356e-317	2.96439e-323	2.11517e-317	1.00328	0	0.148	0.031	0.49
509.656	 476	3.16356e-317	2.96439e-323	2.11517e-317	1.01589	0	0.148	0.035	0.31
497.638	 476	3.16356e-317	2.96439e-323	2.11517e-317	1.012	0	0.148	0.035	0.33
481.871	 476	3.16356e-317	2.96439e-323	2.11517e-317	1.01175	0	0.148	0.035	0.35
511.825	 476	3.16356e-317	2.96439e-323	2.11517e-317	1.01156	0	0.148	0.035	0.37
548.339	 476	3.16356e-317	2.96439e-323	2.11517e-317	1.01042	0	0.148	0.035	0.39
495.341	 476	3.16356e-317	2.96439e-323	2.11517e-317	1.01024	0	0.148	0.035	0.41
531.563	 476	3.16356e-317	2.96439e-323	2.11517e-317	1.00415	0	0.148	0.035	0.43
579.675	 476	3.16356e-317	2.96439e-323	2.11517e-317	1.00402	0	0.148	0.035	0.45
597.235	 476	3.16356e-317	2.96439e-323	2.11517e-317	1.00391	0	0.148	0.035	0.47
643.809	 476	3.16356e-317	2.96439e-323	2.11517e-317	1.00356	0	0.148	0.035	0.49
517.385	 476	3.16356e-317	2.96439e-323	2.11517e-317	1.01572	0	0.148	0.039	0.31
516.75	 476	3.16356e-317	2.96439e-323	2.11517e-317	1.01252	0	0.148	0.039	0.33
537.896	 476	3.16356e-317	2.96439e-323	2.11517e-317	1.01276	0	0.148	0.039	0.35
536.467	 476	3.16356e-317	2.96439e-323	2.11517e-317	1.01228	0	0.148	0.039	0.37
578.079	 476	3.16356e-317	2.96439e-323	2.11517e-317	1.01002	0	0.148	0.039	0.39
551.809	 476	3.16356e-317	2.96439e-323	2.11517e-317	1.01155	0	0.148	0.039	0.41
588.054	 476	3.16356e-317	2.96439e-323	2.11517e-317	1.01115	0	0.148	0.039	0.43
623.916	 476	3.16356e-317	2.96439e-323	2.11517e-317	1.00402	0	0.148	0.039	0.45
643.824	 476	3.16356e-317	2.96439e-323	2.11517e-317	1.00399	0	0.148	0.039	0.47
635.62	 476	3.16356e-317	2.96439e-323	2.11517e-317	1.00371	0	0.148	0.039	0.49
540.619	 476	3.16356e-317	2.96439e-323	2.11517e-317	1.01706	0	0.148	0.043	0.31
559.958	 476	3.16356e-317	2.96439e-323	2.11517e-317	1.01571	0	0.148	0.043	0.33
581.101	 476	3.16356e-317	2.96439e-323	2.11517e-317	1.01646	0	0.148	0.043	0.35
620.872	 476	3.16356e-317	2.96439e-323	2.11517e-317	1.01257	0	0.148	0.043	0.37
643.753	 476	3.16356e-317	2.96439e-323	2.11517e-317	1.01207	0	0.148	0.043	0.39
581.437	 476	3.16356e-317	2.96439e-323	2.11517e-317	1.01228	0	0.148	0.043	0.41
607.806	 476	3.16356e-317	2.96439e-323	2.11517e-317	1.011	0	0.148	0.043	0.43
671.545	 476	3.16356e-317	2.96439e-323	2.11517e-317	1.01077	0	0.148	0.043	0.45
710.948	 476	3.16356e-317	2.96439e-323	2.11517e-317	1.00415	0	0.148	0.043	0.47
702.242	 476	3.16356e-317	2.96439e-323	2.11517e-317	1.00414	0	0.148	0.043	0.49
567.473	 476	3.16356e-317	2.96439e-323	2.11517e-317	1.01866	0	0.148	0.047	0.31
648.448	 476	3.16356e-317	2.96439e-323	2.11517e-317	1.01678	0	0.148	0.047	0.33
625.477	 476	3.16356e-317	2.96439e-323	2.11517e-317	1.01661	0	0.148	0.047	0.35
600.951	 476	3.16356e-317	2.96439e-323	2.11517e-317	1.01654	0	0.148	0.047	0.37
627.343	 476	3.16356e-317	2.96439e-323	2.11517e-317	1.0158	0	0.148	0.047	0.39
691.401	 476	3.16356e-317	2.96439e-323	2.11517e-317	1.0123	0	0.148	0.047	0.41
703.104	 476	3.16356e-317	2.96439e-323	2.11517e-317	1.01121	0	0.148	0.047	0.43
706.353	 476	3.16356e-317	2.96439e-323	2.11517e-317	1.00992	0	0.148	0.047	0.45
675.804	 476	3.16356e-317	2.96439e-323	2.11517e-317	1.0116	0	0.148	0.047	0.47
755.424	 476	3.16356e-317	2.96439e-323	2.11517e-317	1.00423	0	0.148	0.047	0.49
366.499	 476	3.16356e-317	2.96439e-323	2.11517e-317	1.00396	0	0.152	0.011	0.31
375.627	 476	3.16356e-317	2.96439e-323	2.11517e-317	1.00367	0	0.152	0.011	0.33
390.737	 476	3.16356e-317	2.96439e-323	2.11517e-317	1.00336	0	0.152	0.011	0.35
355.944	 476	3.16356e-317	2.96439e-323	2.11517e-317	1.0032	0	0.152	0.011	0.37
433.109	 476	3.16356e-317	2.96439e-323	2.11517e-317	1.00326	0	0.152	0.011	0.39
398.362	 476	3.16356e-317	2.96439e-323	2.11517e-317	1.00312	0	0.152	0.011	0.41
428.66	 476	3.16356e-317	2.96439e-323	2.11517e-317	0.997155	0	0.152	0.011	0.43
410.952	 476	3.16356e-317	2.96439e-323	2.11517e-317	0.996875	0	0.152	0.011	0.45
415.468	 476	3.16356e-317	2.96439e-323	2.11517e-317	0.996711	0	0.152	0.011	0.47
440.669	 476	3.16356e-317	2.96439e-323	2.11517e-317	0.996527	0	0.152	0.011	0.49
452.338	 476	3.16356e-317	2.96439e-323	2.11517e-317	1.00422	0	0.152	0.015	0.31
407.573	 476	3.16356e-317	2.96439e-323	2.11517e-317	1.0039	0	0.152	0.015	0.33
407.477	 476	3.16356e-317	2.96439e-323	2.11517e-317	1.00379	0	0.152	0.015	0.35
371.412	 476	3.16356e-317	2.96439e-323	2.11517e-317	1.00358	0	0.152	0.015	0.37
388.749	 476	3.16356e-317	2.96439e-323	2.11517e-317	1.00348	0	0.152	0.015	0.39
419.661	 476	3.16356e-317	2.96439e-323	2.11517e-317	1.00311	0	0.152	0.015	0.41
400.421	 476	3.16356e-317	2.96439e-323	2.11517e-317	1.00256	0	0.152	0.015	0.43
461.105	 476	3.16356e-317	2.96439e-323	2.11517e-317	1.00302	0	0.152	0.015	0.45
407.022	 476	3.16356e-317	2.96439e-323	2.11517e-317	0.996972	0	0.152	0.015	0.47
447.165	 476	3.16356e-317	2.96439e-323	2.11517e-317	0.996883	0	0.152	0.015	0.49
398.555	 476	3.16356e-317	2.96439e-323	2.11517e-317	1.01153	0	0.152	0.019	0.31
373.655	 476	3.16356e-317	2.96439e-323	2.11517e-317	1.00805	0	0.152	0.019	0.33
423.042	 476	3.16356e-317	2.96439e-323	2.11517e-317	1.00397	0	0.152	0.019	0.35
398.336	 476	3.16356e-317	2.96439e-323	2.11517e-317	1.00389	0	0.152	0.019	0.37
390.647	 476	3.16356e-317	2.96439e-323	2.11517e-317	1.00371	0	0.152	0.019	0.39
413.112	 476	3.16356e-317	2.96439e-323	2.11517e-317	1.00339	0	0.152	0.019	0.41
406.612	 476	3.16356e-317	2.96439e-323	2.11517e-317	1.00339	0	0.152	0.019	0.43
424.405	 476	3.16356e-317	2.96439e-323	2.11517e-317	1.00323	0	0.152	0.019	0.45
453.211	 476	3.16356e-317	2.96439e-323	2.11517e-317	1.00275	0	0.152	0.019	0.47
450.982	 476	3.16356e-317	2.96439e-323	2.11517e-317	0.997252	0	0.152	0.019	0.49
388.565	 476	3.16356e-317	2.96439e-323	2.11517e-317	1.01181	0	0.152	0.023	0.31
433.162	 476	3.16356e-317	2.96439e-323	2.11517e-317	1.01182	0	0.152	0.023	0.33
454.364	 476	3.16356e-317	2.96439e-323	2.11517e-317	1.00421	0	0.152	0.023	0.35
430.03	 476	3.16356e-317	2.96439e-323	2.11517e-317	1.00417	0	0.152	0.023	0.37
432.563	 476	3.16356e-317	2.96439e-323	2.11517e-317	1.00606	0	0.152	0.023	0.39
422.409	 476	3.16356e-317	2.96439e-323	2.11517e-317	1.00392	0	0.152	0.023	0.41
428.366	 476	3.16356e-317	2.96439e-323	2.11517e-317	1.00383	0	0.152	0.023	0.43
423.603	 476	3.16356e-317	2.96439e-323	2.11517e-317	1.00325	0	0.152	0.023	0.45
468.854	 476	3.16356e-317	2.96439e-323	2.11517e-317	1.00309	0	0.152	0.023	0.47
468.565	 476	3.16356e-317	2.96439e-323	2.11517e-317	1.00301	0	0.152	0.023	0.49
458.426	 476	3.16356e-317	2.96439e-323	2.11517e-317	1.01237	0	0.152	0.027	0.31
465.623	 476	3.16356e-317	2.96439e-323	2.11517e-317	1.01222	0	0.152	0.027	0.33
450.012	 476	3.16356e-317	2.96439e-323	2.11517e-317	1.01195	0	0.152	0.027	0.35
421.209	 476	3.16356e-317	2.96439e-323	2.11517e-317	1.00987	0	0.152	0.027	0.37
461.461	 476	3.16356e-317	2.96439e-323	2.11517e-317	1.00427	0	0.152	0.027	0.39
466.546	 476	3.16356e-317	2.96439e-323	2.11517e-317	1.00402	0	0.152	0.027	0.41
526.934	 476	3.16356e-317	2.96439e-323	2.11517e-317	1.00397	0	0.152	0.027	0.43
500.343	 476	3.16356e-317	2.96439e-323	2.11517e-317	1.00368	0	0.152	0.027	0.45
463.898	 476	3.16356e-317	2.96439e-323	2.11517e-317	1.00345	0	0.152	0.027	0.47
545.747	 476	3.16356e-317	2.96439e-323	2.11517e-317	1.00304	0	0.152	0.027	0.49
491.72	 476	3.16356e-317	2.96439e-323	2.11517e-317	1.01601	0	0.152	0.031	0.31
442.353	 476	3.16356e-317	2.96439e-323	2.11517e-317	1.01569	0	0.152	0.031	0.33
442.15	 476	3.16356e-317	2.96439e-323	2.11517e-317	1.01194	0	0.152	0.031	0.35
504.538	 476	3.16356e-317	2.96439e-323	2.11517e-317	1.01302	0	0.152	0.031	0.37
502.546	 476	3.16356e-317	2.96439e-323	2.11517e-317	1.01185	0	0.152	0.031	0.39
602.977	 476	3.16356e-317	2.96439e-323	2.11517e-317	1.00423	0	0.152	0.031	0.41
562.741	 476	3.16356e-317	2.96439e-323	2.11517e-317	1.00371	0	0.152	0.031	0.43
546.085	 476	3.16356e-317	2.96439e-323	2.11517e-317	1.00417	0	0.152	0.031	0.45
545.919	 476	3.16356e-317	2.96439e-323	2.11517e-317	1.00361	0	0.152	0.031	0.47
560.361	 476	3.16356e-317	2.96439e-323	2.11517e-317	1.00345	0	0.152	0.031	0.49
520.058	 476	3.16356e-317	2.96439e-323	2.11517e-317	1.01662	0	0.152	0.035	0.31
550.127	 476	3.16356e-317	2.96439e-323	2.11517e-317	1.01658	0	0.152	0.035	0.33
554.881	 476	3.16356e-317	2.96439e-323	2.11517e-317	1.01484	0	0.152	0.035	0.35
535.4	 476	3.16356e-317	2.96439e-323	2.11517e-317	1.01225	0	0.152	0.035	0.37
554.925	 476	3.16356e-317	2.96439e-323	2.11517e-317	1.01177	0	0.152	0.035	0.39
525.958	 476	3.16356e-317	2.96439e-323	2.11517e-317	1.01155	0	0.152	0.035	0.41
555.515	 476	3.16356e-317	2.96439e-323	2.11517e-317	1.00832	0	0.152	0.035	0.43
626.514	 476	3.16356e-317	2.96439e-323	2.11517e-317	1.00428	0	0.152	0.035	0.45
584.364	 476	3.16356e-317	2.96439e-323	2.11517e-317	1.0039	0	0.152	0.035	0.47
623.768	 476	3.16356e-317	2.96439e-323	2.11517e-317	1.004	0	0.152	0.035	0.49
557.736	 476	3.16356e-317	2.96439e-323	2.11517e-317	1.01708	0	0.152	0.039	0.31
503.079	 476	3.16356e-317	2.96439e-323	2.11517e-317	1.01731	0	0.152	0.039	0.33
646.375	 476	3.16356e-317	2.96439e-323	2.11517e-317	1.01577	0	0.152	0.039	0.35
525.692	 476	3.16356e-317	2.96439e-323	2.11517e-317	1.01272	0	0.152	0.039	0.37
576.089	 476	3.16356e-317	2.96439e-323	2.11517e-317	1.01246	0	0.152	0.039	0.39
609.103	 476	3.16356e-317	2.96439e-323	2.11517e-317	1.01141	0	0.152	0.039	0.41
623.276	 476	3.16356e-317	2.96439e-323	2.11517e-317	1.01202	0	0.152	0.039	0.43
655.103	 476	3.16356e-317	2.96439e-323	2.11517e-317	1.00755	0	0.152	0.039	0.45
693.776	 476	3.16356e-317	2.96439e-323	2.11517e-317	1.00412	0	0.152	0.039	0.47
688.464	 476	3.16356e-317	2.96439e-323	2.11517e-317	1.0041	0	0.152	0.039	0.49
589.92	 476	3.16356e-317	2.96439e-323	2.11517e-317	1.01807	0	0.152	0.043	0.31
605.554	 476	3.16356e-317	2.96439e-323	2.11517e-317	1.01759	0	0.152	0.043	0.33
599.36	 476	3.16356e-317	2.96439e-323	2.11517e-317	1.01672	0	0.152	0.043	0.35
626.086	 476	3.16356e-317	2.96439e-323	2.11517e-317	1.01604	0	0.152	0.043	0.37
617.623	 476	3.16356e-317	2.96439e-323	2.11517e-317	1.01605	0	0.152	0.043	0.39
636.378	 476	3.16356e-317	2.96439e-323	2.11517e-317	1.01208	0	0.152	0.043	0.41
670.829	 476	3.16356e-317	2.96439e-323	2.11517e-317	1.01246	0	0.152	0.043	0.43
753.916	 476	3.16356e-317	2.96439e-323	2.11517e-317	1.00807	0	0.152	0.043	0.45
731.589	 476	3.16356e-317	2.96439e-323	2.11517e-317	1.01132	0	0.152	0.043	0.47
721.836	 476	3.16356e-317	2.96439e-323	2.11517e-317	1.01126	0	0.152	0.043	0.49
689.94	 476	3.16356e-317	2.96439e-323	2.11517e-317	1.01839	0	0.152	0.047	0.31
646.499	 476	3.16356e-317	2.96439e-323	2.11517e-317	1.01785	0	0.152	0.047	0.33
644.283	 476	3.16356e-317	2.96439e-323	2.11517e-317	1.01688	0	0.152	0.047	0.35
680.092	 476	3.16356e-317	2.96439e-323	2.11517e-317	1.0165	0	0.152	0.047	0.37
643.662	 476	3.16356e-317	2.96439e-323	2.11517e-317	1.01663	0	0.152	0.047	0.39
714.707	 476	3.16356e-317	2.96439e-323	2.11517e-317	1.01629	0	0.152	0.047	0.41
720.842	 476	3.16356e-317	2.96439e-323	2.11517e-317	1.01225	0	0.152	0.047	0.43
700.158	 476	3.16356e-317	2.96439e-323	2.11517e-317	1.01214	0	0.152	0.047	0.45
745.193	 476	3.16356e-317	2.96439e-323	2.11517e-317	1.01199	0	0.152	0.047	0.47
849.702	 476	3.16356e-317	2.96439e-323	2.11517e-317	1.00433	0	0.152	0.047	0.49
391.792	 476	3.16356e-317	2.96439e-323	2.11517e-317	1.00964	0	0.156	0.011	0.31
392.084	 476	3.16356e-317	2.96439e-323	2.11517e-317	1.00415	0	0.156	0.011	0.33
376.746	 476	3.16356e-317	2.96439e-323	2.11517e-317	1.00377	0	0.156	0.011	0.35
415.762	 476	3.16356e-317	2.96439e-323	2.11517e-317	1.00363	0	0.156	0.011	0.37
358.684	 476	3.16356e-317	2.96439e-323	2.11517e-317	1.0034	0	0.156	0.011	0.39
378.419	 476	3.16356e-317	2.96439e-323	2.11517e-317	1.00313	0	0.156	0.011	0.41
383.808	 476	3.16356e-317	2.96439e-323	2.11517e-317	1.0028	0	0.156	0.011	0.43
410.387	 476	3.16356e-317	2.96439e-323	2.11517e-317	1.00313	0	0.156	0.011	0.45
392.129	 476	3.16356e-317	2.96439e-323	2.11517e-317	0.997173	0	0.156	0.011	0.47
398.204	 476	3.16356e-317	2.96439e-323	2.11517e-317	0.996607	0	0.156	0.011	0.49
414.527	 476	3.16356e-317	2.96439e-323	2.11517e-317	1.00895	0	0.156	0.015	0.31
448.365	 476	3.16356e-317	2.96439e-323	2.11517e-317	1.00433	0	0.156	0.015	0.33
388.945	 476	3.16356e-317	2.96439e-323	2.11517e-317	1.0042	0	0.156	0.015	0.35
409.181	 476	3.16356e-317	2.96439e-323	2.11517e-317	1.00375	0	0.156	0.015	0.37
369.204	 476	3.16356e-317	2.96439e-323	2.11517e-317	1.00356	0	0.156	0.015	0.39
408.06	 476	3.16356e-317	2.96439e-323	2.11517e-317	1.00372	0	0.156	0.015	0.41
414.077	 476	3.16356e-317	2.96439e-323	2.11517e-317	1.00326	0	0.156	0.015	0.43
442.567	 476	3.16356e-317	2.96439e-323	2.11517e-317	1.00276	0	0.156	0.015	0.45
439.666	 476	3.16356e-317	2.96439e-323	2.11517e-317	1.00314	0	0.156	0.015	0.47
467.444	 476	3.16356e-317	2.96439e-323	2.11517e-317	0.997016	0	0.156	0.015	0.49
412.592	 476	3.16356e-317	2.96439e-323	2.11517e-317	1.01152	0	0.156	0.019	0.31
410.156	 476	3.16356e-317	2.96439e-323	2.11517e-317	1.00834	0	0.156	0.019	0.33
415.432	 476	3.16356e-317	2.96439e-323	2.11517e-317	1.00836	0	0.156	0.019	0.35
419.248	 476	3.16356e-317	2.96439e-323	2.11517e-317	1.00405	0	0.156	0.019	0.37
385.642	 476	3.16356e-317	2.96439e-323	2.11517e-317	1.00404	0	0.156	0.019	0.39
430.175	 476	3.16356e-317	2.96439e-323	2.11517e-317	1.00382	0	0.156	0.019	0.41
396.167	 476	3.16356e-317	2.96439e-323	2.11517e-317	1.00356	0	0.156	0.019	0.43
468.568	 476	3.16356e-317	2.96439e-323	2.11517e-317	1.00323	0	0.156	0.019	0.45
423.643	 476	3.16356e-317	2.96439e-323	2.11517e-317	1.00319	0	0.156	0.019	0.47
513.114	 476	3.16356e-317	2.96439e-323	2.11517e-317	1.00274	0	0.156	0.019	0.49
384.536	 476	3.16356e-317	2.96439e-323	2.11517e-317	1.01426	0	0.156	0.023	0.31
446.209	 476	3.16356e-317	2.96439e-323	2.11517e-317	1.01193	0	0.156	0.023	0.33
422.158	 476	3.16356e-317	2.96439e-323	2.11517e-317	1.01174	0	0.156	0.023	0.35
417.514	 476	3.16356e-317	2.96439e-323	2.11517e-317	1.01154	0	0.156	0.023	0.37
512.892	 476	3.16356e-317	2.96439e-323	2.11517e-317	1.00419	0	0.156	0.023	0.39
482.06	 476	3.16356e-317	2.96439e-323	2.11517e-317	1.00402	0	0.156	0.023	0.41
464.633	 476	3.16356e-317	2.96439e-323	2.11517e-317	1.00384	0	0.156	0.023	0.43
465.521	 476	3.16356e-317	2.96439e-323	2.11517e-317	1.00361	0	0.156	0.023	0.45
493.772	 476	3.16356e-317	2.96439e-323	2.11517e-317	1.00361	0	0.156	0.023	0.47
468.126	 476	3.16356e-317	2.96439e-323	2.11517e-317	1.00317	0	0.156	0.023	0.49
474.236	 476	3.16356e-317	2.96439e-323	2.11517e-317	1.01622	0	0.156	0.027	0.31
458.992	 476	3.16356e-317	2.96439e-323	2.11517e-317	1.01546	0	0.156	0.027	0.33
457.579	 476	3.16356e-317	2.96439e-323	2.11517e-317	1.01274	0	0.156	0.027	0.35
446.342	 476	3.16356e-317	2.96439e-323	2.11517e-317	1.01151	0	0.156	0.027	0.37
491.321	 476	3.16356e-317	2.96439e-323	2.11517e-317	1.01157	0	0.156	0.027	0.39
497.757	 476	3.16356e-317	2.96439e-323	2.11517e-317	1.00718	0	0.156	0.027	0.41
540.507	 476	3.16356e-317	2.96439e-323	2.11517e-317	1.00388	0	0.156	0.027	0.43
531.08	 476	3.16356e-317	2.96439e-323	2.11517e-317	1.00415	0	0.156	0.027	0.45
536.356	 476	3.16356e-317	2.96439e-323	2.11517e-317	1.00377	0	0.156	0.027	0.47
526.892	 476	3.16356e-317	2.96439e-323	2.11517e-317	1.00344	0	0.156	0.027	0.49
480.012	 476	3.16356e-317	2.96439e-323	2.11517e-317	1.01707	0	0.156	0.031	0.31
490.598	 476	3.16356e-317	2.96439e-323	2.11517e-317	1.01644	0	0.156	0.031	0.33
488.591	 476	3.16356e-317	2.96439e-323	2.11517e-317	1.01414	0	0.156	0.031	0.35
491.041	 476	3.16356e-317	2.96439e-323	2.11517e-317	1.01236	0	0.156	0.031	0.37
527.591	 476	3.16356e-317	2.96439e-323	2.11517e-317	1.01181	0	0.156	0.031	0.39
504.74	 476	3.16356e-317	2.96439e-323	2.11517e-317	1.01168	0	0.156	0.031	0.41
648.491	 476	3.16356e-317	2.96439e-323	2.11517e-317	1.00428	0	0.156	0.031	0.43
612.385	 476	3.16356e-317	2.96439e-323	2.11517e-317	1.00401	0	0.156	0.031	0.45
643.081	 476	3.16356e-317	2.96439e-323	2.11517e-317	1.00377	0	0.156	0.031	0.47
592.61	 476	3.16356e-317	2.96439e-323	2.11517e-317	1.00376	0	0.156	0.031	0.49
554.797	 476	3.16356e-317	2.96439e-323	2.11517e-317	1.01705	0	0.156	0.035	0.31
554.213	 476	3.16356e-317	2.96439e-323	2.11517e-317	1.01649	0	0.156	0.035	0.33
498.237	 476	3.16356e-317	2.96439e-323	2.11517e-317	1.0157	0	0.156	0.035	0.35
583.903	 476	3.16356e-317	2.96439e-323	2.11517e-317	1.01247	0	0.156	0.035	0.37
546.908	 476	3.16356e-317	2.96439e-323	2.11517e-317	1.01239	0	0.156	0.035	0.39
541.421	 476	3.16356e-317	2.96439e-323	2.11517e-317	1.01183	0	0.156	0.035	0.41
529.024	 476	3.16356e-317	2.96439e-323	2.11517e-317	1.01146	0	0.156	0.035	0.43
637.467	 476	3.16356e-317	2.96439e-323	2.11517e-317	1.01146	0	0.156	0.035	0.45
654.43	 476	3.16356e-317	2.96439e-323	2.11517e-317	1.00427	0	0.156	0.035	0.47
686.902	 476	3.16356e-317	2.96439e-323	2.11517e-317	1.00391	0	0.156	0.035	0.49
580.318	 476	3.16356e-317	2.96439e-323	2.11517e-317	1.01875	0	0.156	0.039	0.31
606.541	 476	3.16356e-317	2.96439e-323	2.11517e-317	1.01747	0	0.156	0.039	0.33
566.138	 476	3.16356e-317	2.96439e-323	2.11517e-317	1.01634	0	0.156	0.039	0.35
578.075	 476	3.16356e-317	2.96439e-323	2.11517e-317	1.01684	0	0.156	0.039	0.37
662.49	 476	3.16356e-317	2.96439e-323	2.11517e-317	1.01497	0	0.156	0.039	0.39
603.041	 476	3.16356e-317	2.96439e-323	2.11517e-317	1.01229	0	0.156	0.039	0.41
654.985	 476	3.16356e-317	2.96439e-323	2.11517e-317	1.0124	0	0.156	0.039	0.43
640.315	 476	3.16356e-317	2.96439e-323	2.11517e-317	1.01175	0	0.156	0.039	0.45
652.47	 476	3.16356e-317	2.96439e-323	2.11517e-317	1.01198	0	0.156	0.039	0.47
761.077	 476	3.16356e-317	2.96439e-323	2.11517e-317	1.00411	0	0.156	0.039	0.49
597.776	 476	3.16356e-317	2.96439e-323	2.11517e-317	1.02117	0	0.156	0.043	0.31
620.194	 476	3.16356e-317	2.96439e-323	2.11517e-317	1.01977	0	0.156	0.043	0.33
646.43	 476	3.16356e-317	2.96439e-323	2.11517e-317	1.01822	0	0.156	0.043	0.35
669.018	 476	3.16356e-317	2.96439e-323	2.11517e-317	1.01659	0	0.156	0.043	0.37
669.219	 476	3.16356e-317	2.96439e-323	2.11517e-317	1.01566	0	0.156	0.043	0.39
716.963	 476	3.16356e-317	2.96439e-323	2.11517e-317	1.0161	0	0.156	0.043	0.41
688.087	 476	3.16356e-317	2.96439e-323	2.11517e-317	1.01252	0	0.156	0.043	0.43
715.853	 476	3.16356e-317	2.96439e-323	2.11517e-317	1.01171	0	0.156	0.043	0.45
750.522	 476	3.16356e-317	2.96439e-323	2.11517e-317	1.01199	0	0.156	0.043	0.47
781.852	 476	3.16356e-317	2.96439e-323	2.11517e-317	1.01198	0	0.156	0.043	0.49
685.516	 476	3.16356e-317	2.96439e-323	2.11517e-317	1.02503	0	0.156	0.047	0.31
655.031	 476	3.16356e-317	2.96439e-323	2.11517e-317	1.02111	0	0.156	0.047	0.33
709.248	 476	3.16356e-317	2.96439e-323	2.11517e-317	1.02056	0	0.156	0.047	0.35
747.382	 476	3.16356e-317	2.96439e-323	2.11517e-317	1.01719	0	0.156	0.047	0.37
676.224	 476	3.16356e-317	2.96439e-323	2.11517e-317	1.01606	0	0.156	0.047	0.39
718.466	 476	3.16356e-317	2.96439e-323	2.11517e-317	1.01687	0	0.156	0.047	0.41
763.567	 476	3.16356e-317	2.96439e-323	2.11517e-317	1.01583	0	0.156	0.047	0.43
782.075	 476	3.16356e-317	2.96439e-323	2.11517e-317	1.01355	0	0.156	0.047	0.45
822.857	 476	3.16356e-317	2.96439e-323	2.11517e-317	1.01259	0	0.156	0.047	0.47
822.001	 476	3.16356e-317	2.96439e-323	2.11517e-317	1.01185	0	0.156	0.047	0.49
401.059	 476	3.16356e-317	2.96439e-323	2.11517e-317	1.0083	0	0.16	0.011	0.31
373.084	 476	3.16356e-317	2.96439e-323	2.11517e-317	1.00739	0	0.16	0.011	0.33
466.273	 476	3.16356e-317	2.96439e-323	2.11517e-317	1.00381	0	0.16	0.011	0.35
366.006	 476	3.16356e-317	2.96439e-323	2.11517e-317	1.0039	0	0.16	0.011	0.37
441.18	 476	3.16356e-317	2.96439e-323	2.11517e-317	1.00355	0	0.16	0.011	0.39
382.356	 476	3.16356e-317	2.96439e-323	2.11517e-317	1.00351	0	0.16	0.011	0.41
377.19	 476	3.16356e-317	2.96439e-323	2.11517e-317	1.00357	0	0.16	0.011	0.43
414.363	 476	3.16356e-317	2.96439e-323	2.11517e-317	1.00314	0	0.16	0.011	0.45
444.473	 476	3.16356e-317	2.96439e-323	2.11517e-317	1.00289	0	0.16	0.011	0.47
425.804	 476	3.16356e-317	2.96439e-323	2.11517e-317	0.997129	0	0.16	0.011	0.49
391.733	 476	3.16356e-317	2.96439e-323	2.11517e-317	1.01172	0	0.16	0.015	0.31
411.569	 476	3.16356e-317	2.96439e-323	2.11517e-317	1.01153	0	0.16	0.015	0.33
510.776	 476	3.16356e-317	2.96439e-323	2.11517e-317	1.00433	0	0.16	0.015	0.35
423.852	 476	3.16356e-317	2.96439e-323	2.11517e-317	1.00398	0	0.16	0.015	0.37
445.281	 476	3.16356e-317	2.96439e-323	2.11517e-317	1.00393	0	0.16	0.015	0.39
424	 476	3.16356e-317	2.96439e-323	2.11517e-317	1.00369	0	0.16	0.015	0.41
418.852	 476	3.16356e-317	2.96439e-323	2.11517e-317	1.00378	0	0.16	0.015	0.43
437.444	 476	3.16356e-317	2.96439e-323	2.11517e-317	1.00354	0	0.16	0.015	0.45
424.208	 476	3.16356e-317	2.96439e-323	2.11517e-317	1.00295	0	0.16	0.015	0.47
460.41	 476	3.16356e-317	2.96439e-323	2.11517e-317	1.00295	0	0.16	0.015	0.49
424.486	 476	3.16356e-317	2.96439e-323	2.11517e-317	1.01242	0	0.16	0.019	0.31
422.068	 476	3.16356e-317	2.96439e-323	2.11517e-317	1.01216	0	0.16	0.019	0.33
460.541	 476	3.16356e-317	2.96439e-323	2.11517e-317	1.01209	0	0.16	0.019	0.35
445.634	 476	3.16356e-317	2.96439e-323	2.11517e-317	1.01091	0	0.16	0.019	0.37
421.073	 476	3.16356e-317	2.96439e-323	2.11517e-317	1.01097	0	0.16	0.019	0.39
490.834	 476	3.16356e-317	2.96439e-323	2.11517e-317	1.00386	0	0.16	0.019	0.41
467.845	 476	3.16356e-317	2.96439e-323	2.11517e-317	1.00383	0	0.16	0.019	0.43
471.628	 476	3.16356e-317	2.96439e-323	2.11517e-317	1.00355	0	0.16	0.019	0.45
534.065	 476	3.16356e-317	2.96439e-323	2.11517e-317	1.00355	0	0.16	0.019	0.47
479.358	 476	3.16356e-317	2.96439e-323	2.11517e-317	1.00318	0	0.16	0.019	0.49
437.902	 476	3.16356e-317	2.96439e-323	2.11517e-317	1.01587	0	0.16	0.023	0.31
438.043	 476	3.16356e-317	2.96439e-323	2.11517e-317	1.01304	0	0.16	0.023	0.33
466.06	 476	3.16356e-317	2.96439e-323	2.11517e-317	1.01193	0	0.16	0.023	0.35
447.118	 476	3.16356e-317	2.96439e-323	2.11517e-317	1.01155	0	0.16	0.023	0.37
463.235	 476	3.16356e-317	2.96439e-323	2.11517e-317	1.01163	0	0.16	0.023	0.39
514.542	 476	3.16356e-317	2.96439e-323	2.11517e-317	1.00444	0	0.16	0.023	0.41
518.216	 476	3.16356e-317	2.96439e-323	2.11517e-317	1.00405	0	0.16	0.023	0.43
508.686	 476	3.16356e-317	2.96439e-323	2.11517e-317	1.00369	0	0.16	0.023	0.45
517.672	 476	3.16356e-317	2.96439e-323	2.11517e-317	1.00365	0	0.16	0.023	0.47
525.137	 476	3.16356e-317	2.96439e-323	2.11517e-317	1.00363	0	0.16	0.023	0.49
459.902	 476	3.16356e-317	2.96439e-323	2.11517e-317	1.01591	0	0.16	0.027	0.31
453.049	 476	3.16356e-317	2.96439e-323	2.11517e-317	1.01532	0	0.16	0.027	0.33
467.011	 476	3.16356e-317	2.96439e-323	2.11517e-317	1.01522	0	0.16	0.027	0.35
466.329	 476	3.16356e-317	2.96439e-323	2.11517e-317	1.01264	0	0.16	0.027	0.37
523.487	 476	3.16356e-317	2.96439e-323	2.11517e-317	1.01229	0	0.16	0.027	0.39
532.293	 476	3.16356e-317	2.96439e-323	2.11517e-317	1.01158	0	0.16	0.027	0.41
536.055	 476	3.16356e-317	2.96439e-323	2.11517e-317	1.00711	0	0.16	0.027	0.43
558.045	 476	3.16356e-317	2.96439e-323	2.11517e-317	1.00407	0	0.16	0.027	0.45
596.187	 476	3.16356e-317	2.96439e-323	2.11517e-317	1.0042	0	0.16	0.027	0.47
623.029	 476	3.16356e-317	2.96439e-323	2.11517e-317	1.00374	0	0.16	0.027	0.49
464.687	 476	3.16356e-317	2.96439e-323	2.11517e-317	1.01711	0	0.16	0.031	0.31
494.698	 476	3.16356e-317	2.96439e-323	2.11517e-317	1.01769	0	0.16	0.031	0.33
522.905	 476	3.16356e-317	2.96439e-323	2.11517e-317	1.01662	0	0.16	0.031	0.35
542.75	 476	3.16356e-317	2.96439e-323	2.11517e-317	1.01251	0	0.16	0.031	0.37
578.048	 476	3.16356e-317	2.96439e-323	2.11517e-317	1.01248	0	0.16	0.031	0.39
568.328	 476	3.16356e-317	2.96439e-323	2.11517e-317	1.01194	0	0.16	0.031	0.41
564.793	 476	3.16356e-317	2.96439e-323	2.11517e-317	1.01196	0	0.16	0.031	0.43
662.214	 476	3.16356e-317	2.96439e-323	2.11517e-317	1.0043	0	0.16	0.031	0.45
700.126	 476	3.16356e-317	2.96439e-323	2.11517e-317	1.00427	0	0.16	0.031	0.47
664.241	 476	3.16356e-317	2.96439e-323	2.11517e-317	1.00406	0	0.16	0.031	0.49
552.133	 476	3.16356e-317	2.96439e-323	2.11517e-317	1.01862	0	0.16	0.035	0.31
555.211	 476	3.16356e-317	2.96439e-323	2.11517e-317	1.01795	0	0.16	0.035	0.33
549.623	 476	3.16356e-317	2.96439e-323	2.11517e-317	1.01753	0	0.16	0.035	0.35
554.192	 476	3.16356e-317	2.96439e-323	2.11517e-317	1.01556	0	0.16	0.035	0.37
578.633	 476	3.16356e-317	2.96439e-323	2.11517e-317	1.01506	0	0.16	0.035	0.39
599.915	 476	3.16356e-317	2.96439e-323	2.11517e-317	1.0122	0	0.16	0.035	0.41
597.9	 476	3.16356e-317	2.96439e-323	2.11517e-317	1.01192	0	0.16	0.035	0.43
626.141	 476	3.16356e-317	2.96439e-323	2.11517e-317	1.01153	0	0.16	0.035	0.45
641.423	 476	3.16356e-317	2.96439e-323	2.11517e-317	1.01185	0	0.16	0.035	0.47
698.257	 476	3.16356e-317	2.96439e-323	2.11517e-317	1.00813	0	0.16	0.035	0.49
576.557	 476	3.16356e-317	2.96439e-323	2.11517e-317	1.02184	0	0.16	0.039	0.31
594.669	 476	3.16356e-317	2.96439e-323	2.11517e-317	1.02003	0	0.16	0.039	0.33
640.415	 476	3.16356e-317	2.96439e-323	2.11517e-317	1.01747	0	0.16	0.039	0.35
604.337	 476	3.16356e-317	2.96439e-323	2.11517e-317	1.01678	0	0.16	0.039	0.37
664.697	 476	3.16356e-317	2.96439e-323	2.11517e-317	1.01776	0	0.16	0.039	0.39
677.116	 476	3.16356e-317	2.96439e-323	2.11517e-317	1.0155	0	0.16	0.039	0.41
700.85	 476	3.16356e-317	2.96439e-323	2.11517e-317	1.01262	0	0.16	0.039	0.43
728.39	 476	3.16356e-317	2.96439e-323	2.11517e-317	1.012	0	0.16	0.039	0.45
705.798	 476	3.16356e-317	2.96439e-323	2.11517e-317	1.01184	0	0.16	0.039	0.47
746.703	 476	3.16356e-317	2.96439e-323	2.11517e-317	1.01036	0	0.16	0.039	0.49
615.134	 476	3.16356e-317	2.96439e-323	2.11517e-317	1.02385	0	0.16	0.043	0.31
703.693	 476	3.16356e-317	2.96439e-323	2.11517e-317	1.02257	0	0.16	0.043	0.33
679.928	 476	3.16356e-317	2.96439e-323	2.11517e-317	1.02123	0	0.16	0.043	0.35
645.844	 476	3.16356e-317	2.96439e-323	2.11517e-317	1.01938	0	0.16	0.043	0.37
723.789	 476	3.16356e-317	2.96439e-323	2.11517e-317	1.01769	0	0.16	0.043	0.39
757.589	 476	3.16356e-317	2.96439e-323	2.11517e-317	1.01552	0	0.16	0.043	0.41
756.011	 476	3.16356e-317	2.96439e-323	2.11517e-317	1.0161	0	0.16	0.043	0.43
798.147	 476	3.16356e-317	2.96439e-323	2.11517e-317	1.01668	0	0.16	0.043	0.45
723.053	 476	3.16356e-317	2.96439e-323	2.11517e-317	1.01348	0	0.16	0.043	0.47
777.241	 476	3.16356e-317	2.96439e-323	2.11517e-317	1.01269	0	0.16	0.043	0.49
686.942	 476	3.16356e-317	2.96439e-323	2.11517e-317	1.02396	0	0.16	0.047	0.31
676.877	 476	3.16356e-317	2.96439e-323	2.11517e-317	1.02161	0	0.16	0.047	0.33
744.29	 476	3.16356e-317	2.96439e-323	2.11517e-317	1.0217	0	0.16	0.047	0.35
707.79	 476	3.16356e-317	2.96439e-323	2.11517e-317	1.0205	0	0.16	0.047	0.37
757.343	 476	3.16356e-317	2.96439e-323	2.11517e-317	1.01794	0	0.16	0.047	0.39
775.296	 476	3.16356e-317	2.96439e-323	2.11517e-317	1.01738	0	0.16	0.047	0.41
796.629	 476	3.16356e-317	2.96439e-323	2.11517e-317	1.01729	0	0.16	0.047	0.43
792.121	 476	3.16356e-317	2.96439e-323	2.11517e-317	1.01614	0	0.16	0.047	0.45
854.231	 476	3.16356e-317	2.96439e-323	2.11517e-317	1.01478	0	0.16	0.047	0.47
847.644	 476	3.16356e-317	2.96439e-323	2.11517e-317	1.01211	0	0.16	0.047	0.49
