2280.78	 469	3.16356e-317	2.96439e-323	2.11517e-317	0.993576	0	0.124	0.011	0.31
2164.67	 469	3.16356e-317	2.96439e-323	2.11517e-317	0.993056	0	0.124	0.011	0.33
2022.32	 469	3.16356e-317	2.96439e-323	2.11517e-317	0.992483	0	0.124	0.011	0.35
2021.39	 469	3.16356e-317	2.96439e-323	2.11517e-317	0.990906	0	0.124	0.011	0.37
1903.79	 469	3.16356e-317	2.96439e-323	2.11517e-317	0.990143	0	0.124	0.011	0.39
1856.61	 469	3.16356e-317	2.96439e-323	2.11517e-317	0.988816	0	0.124	0.011	0.41
1894.83	 469	3.16356e-317	2.96439e-323	2.11517e-317	0.988474	0	0.124	0.011	0.43
1761.02	 469	3.16356e-317	2.96439e-323	2.11517e-317	0.98696	0	0.124	0.011	0.45
1682.46	 469	3.16356e-317	2.96439e-323	2.11517e-317	0.986089	0	0.124	0.011	0.47
1691.26	 469	3.16356e-317	2.96439e-323	2.11517e-317	0.985134	0	0.124	0.011	0.49
1784.05	 469	3.16356e-317	2.96439e-323	2.11517e-317	0.99687	0	0.124	0.015	0.31
1735.8	 469	3.16356e-317	2.96439e-323	2.11517e-317	0.996216	0	0.124	0.015	0.33
1690.66	 469	3.16356e-317	2.96439e-323	2.11517e-317	0.993977	0	0.124	0.015	0.35
1589.24	 469	3.16356e-317	2.96439e-323	2.11517e-317	0.993107	0	0.124	0.015	0.37
1617.7	 469	3.16356e-317	2.96439e-323	2.11517e-317	0.992513	0	0.124	0.015	0.39
1599.02	 469	3.16356e-317	2.96439e-323	2.11517e-317	0.991119	0	0.124	0.015	0.41
1413.87	 469	3.16356e-317	2.96439e-323	2.11517e-317	0.989561	0	0.124	0.015	0.43
1431.84	 469	3.16356e-317	2.96439e-323	2.11517e-317	0.989104	0	0.124	0.015	0.45
1371.35	 469	3.16356e-317	2.96439e-323	2.11517e-317	0.98842	0	0.124	0.015	0.47
1358.02	 469	3.16356e-317	2.96439e-323	2.11517e-317	0.986957	0	0.124	0.015	0.49
1556.16	 469	3.16356e-317	2.96439e-323	2.11517e-317	0.99786	0	0.124	0.019	0.31
1428.3	 469	3.16356e-317	2.96439e-323	2.11517e-317	0.997344	0	0.124	0.019	0.33
1486.37	 469	3.16356e-317	2.96439e-323	2.11517e-317	0.99687	0	0.124	0.019	0.35
1368.24	 469	3.16356e-317	2.96439e-323	2.11517e-317	0.99646	0	0.124	0.019	0.37
1414.53	 469	3.16356e-317	2.96439e-323	2.11517e-317	0.993802	0	0.124	0.019	0.39
1318.62	 469	3.16356e-317	2.96439e-323	2.11517e-317	0.993409	0	0.124	0.019	0.41
1243.74	 469	3.16356e-317	2.96439e-323	2.11517e-317	0.992522	0	0.124	0.019	0.43
1209.13	 469	3.16356e-317	2.96439e-323	2.11517e-317	0.991205	0	0.124	0.019	0.45
1234.62	 469	3.16356e-317	2.96439e-323	2.11517e-317	0.990157	0	0.124	0.019	0.47
1168.26	 469	3.16356e-317	2.96439e-323	2.11517e-317	0.988959	0	0.124	0.019	0.49
1385.11	 469	3.16356e-317	2.96439e-323	2.11517e-317	1.00139	0	0.124	0.023	0.31
1324.02	 469	3.16356e-317	2.96439e-323	2.11517e-317	0.99846	0	0.124	0.023	0.33
1239.68	 469	3.16356e-317	2.96439e-323	2.11517e-317	0.997734	0	0.124	0.023	0.35
1238.17	 469	3.16356e-317	2.96439e-323	2.11517e-317	0.997388	0	0.124	0.023	0.37
1215.88	 469	3.16356e-317	2.96439e-323	2.11517e-317	0.996812	0	0.124	0.023	0.39
1125.43	 469	3.16356e-317	2.96439e-323	2.11517e-317	0.996149	0	0.124	0.023	0.41
1074.46	 469	3.16356e-317	2.96439e-323	2.11517e-317	0.993869	0	0.124	0.023	0.43
1069.41	 469	3.16356e-317	2.96439e-323	2.11517e-317	0.993201	0	0.124	0.023	0.45
1059.37	 469	3.16356e-317	2.96439e-323	2.11517e-317	0.992533	0	0.124	0.023	0.47
1037.64	 469	3.16356e-317	2.96439e-323	2.11517e-317	0.991202	0	0.124	0.023	0.49
1183.84	 469	3.16356e-317	2.96439e-323	2.11517e-317	1.00261	0	0.124	0.027	0.31
1098	 469	3.16356e-317	2.96439e-323	2.11517e-317	1.00203	0	0.124	0.027	0.33
1081.31	 469	3.16356e-317	2.96439e-323	2.11517e-317	1.00144	0	0.124	0.027	0.35
1093.76	 469	3.16356e-317	2.96439e-323	2.11517e-317	0.998501	0	0.124	0.027	0.37
1048.73	 469	3.16356e-317	2.96439e-323	2.11517e-317	0.99803	0	0.124	0.027	0.39
976.22	 469	3.16356e-317	2.96439e-323	2.11517e-317	0.997305	0	0.124	0.027	0.41
970.904	 469	3.16356e-317	2.96439e-323	2.11517e-317	0.996726	0	0.124	0.027	0.43
1000.47	 469	3.16356e-317	2.96439e-323	2.11517e-317	0.996484	0	0.124	0.027	0.45
1006.85	 469	3.16356e-317	2.96439e-323	2.11517e-317	0.993817	0	0.124	0.027	0.47
989.12	 469	3.16356e-317	2.96439e-323	2.11517e-317	0.993089	0	0.124	0.027	0.49
1076.97	 469	3.16356e-317	2.96439e-323	2.11517e-317	1.0037	0	0.124	0.031	0.31
1028.65	 469	3.16356e-317	2.96439e-323	2.11517e-317	1.00303	0	0.124	0.031	0.33
967.606	 469	3.16356e-317	2.96439e-323	2.11517e-317	1.00245	0	0.124	0.031	0.35
980.271	 469	3.16356e-317	2.96439e-323	2.11517e-317	1.00182	0	0.124	0.031	0.37
927.61	 469	3.16356e-317	2.96439e-323	2.11517e-317	1.00131	0	0.124	0.031	0.39
917.935	 469	3.16356e-317	2.96439e-323	2.11517e-317	0.998306	0	0.124	0.031	0.41
944.404	 469	3.16356e-317	2.96439e-323	2.11517e-317	0.997827	0	0.124	0.031	0.43
892.471	 469	3.16356e-317	2.96439e-323	2.11517e-317	0.997309	0	0.124	0.031	0.45
891.042	 469	3.16356e-317	2.96439e-323	2.11517e-317	0.996703	0	0.124	0.031	0.47
992.694	 469	3.16356e-317	2.96439e-323	2.11517e-317	0.994221	0	0.124	0.031	0.49
973.979	 469	3.16356e-317	2.96439e-323	2.11517e-317	1.00656	0	0.124	0.035	0.31
986.806	 469	3.16356e-317	2.96439e-323	2.11517e-317	1.00583	0	0.124	0.035	0.33
936.593	 469	3.16356e-317	2.96439e-323	2.11517e-317	1.00355	0	0.124	0.035	0.35
869.663	 469	3.16356e-317	2.96439e-323	2.11517e-317	1.00301	0	0.124	0.035	0.37
867.518	 469	3.16356e-317	2.96439e-323	2.11517e-317	1.0025	0	0.124	0.035	0.39
857.68	 469	3.16356e-317	2.96439e-323	2.11517e-317	1.0019	0	0.124	0.035	0.41
975.956	 469	3.16356e-317	2.96439e-323	2.11517e-317	1.00117	0	0.124	0.035	0.43
939.538	 469	3.16356e-317	2.96439e-323	2.11517e-317	0.998207	0	0.124	0.035	0.45
963.506	 469	3.16356e-317	2.96439e-323	2.11517e-317	0.997656	0	0.124	0.035	0.47
962.606	 469	3.16356e-317	2.96439e-323	2.11517e-317	0.99707	0	0.124	0.035	0.49
929.616	 469	3.16356e-317	2.96439e-323	2.11517e-317	1.00772	0	0.124	0.039	0.31
968.017	 469	3.16356e-317	2.96439e-323	2.11517e-317	1.00715	0	0.124	0.039	0.33
929.366	 469	3.16356e-317	2.96439e-323	2.11517e-317	1.00644	0	0.124	0.039	0.35
915.691	 469	3.16356e-317	2.96439e-323	2.11517e-317	1.0039	0	0.124	0.039	0.37
915.837	 469	3.16356e-317	2.96439e-323	2.11517e-317	1.00348	0	0.124	0.039	0.39
942.431	 469	3.16356e-317	2.96439e-323	2.11517e-317	1.00273	0	0.124	0.039	0.41
916.147	 469	3.16356e-317	2.96439e-323	2.11517e-317	1.00214	0	0.124	0.039	0.43
974.908	 469	3.16356e-317	2.96439e-323	2.11517e-317	1.0017	0	0.124	0.039	0.45
988.074	 469	3.16356e-317	2.96439e-323	2.11517e-317	0.99849	0	0.124	0.039	0.47
1003.41	 469	3.16356e-317	2.96439e-323	2.11517e-317	0.99802	0	0.124	0.039	0.49
977.49	 469	3.16356e-317	2.96439e-323	2.11517e-317	1.00995	0	0.124	0.043	0.31
1008.42	 469	3.16356e-317	2.96439e-323	2.11517e-317	1.00905	0	0.124	0.043	0.33
962.29	 469	3.16356e-317	2.96439e-323	2.11517e-317	1.00755	0	0.124	0.043	0.35
975.509	 469	3.16356e-317	2.96439e-323	2.11517e-317	1.00684	0	0.124	0.043	0.37
853.048	 469	3.16356e-317	2.96439e-323	2.11517e-317	1.00591	0	0.124	0.043	0.39
963.495	 469	3.16356e-317	2.96439e-323	2.11517e-317	1.00368	0	0.124	0.043	0.41
1012.06	 469	3.16356e-317	2.96439e-323	2.11517e-317	1.00335	0	0.124	0.043	0.43
1006.22	 469	3.16356e-317	2.96439e-323	2.11517e-317	1.00277	0	0.124	0.043	0.45
987.446	 469	3.16356e-317	2.96439e-323	2.11517e-317	1.00202	0	0.124	0.043	0.47
1081.66	 469	3.16356e-317	2.96439e-323	2.11517e-317	1.00144	0	0.124	0.043	0.49
957.448	 469	3.16356e-317	2.96439e-323	2.11517e-317	1.01179	0	0.124	0.047	0.31
1068.77	 469	3.16356e-317	2.96439e-323	2.11517e-317	1.0109	0	0.124	0.047	0.33
1007.52	 469	3.16356e-317	2.96439e-323	2.11517e-317	1.00912	0	0.124	0.047	0.35
1020.87	 469	3.16356e-317	2.96439e-323	2.11517e-317	1.00795	0	0.124	0.047	0.37
1040.7	 469	3.16356e-317	2.96439e-323	2.11517e-317	1.00753	0	0.124	0.047	0.39
1011.11	 469	3.16356e-317	2.96439e-323	2.11517e-317	1.0066	0	0.124	0.047	0.41
1026.33	 469	3.16356e-317	2.96439e-323	2.11517e-317	1.00571	0	0.124	0.047	0.43
1112.57	 469	3.16356e-317	2.96439e-323	2.11517e-317	1.00337	0	0.124	0.047	0.45
1115.99	 469	3.16356e-317	2.96439e-323	2.11517e-317	1.00297	0	0.124	0.047	0.47
1161.82	 469	3.16356e-317	2.96439e-323	2.11517e-317	1.00254	0	0.124	0.047	0.49
1958.06	 469	3.16356e-317	2.96439e-323	2.11517e-317	0.996657	0	0.128	0.011	0.31
1978.08	 469	3.16356e-317	2.96439e-323	2.11517e-317	0.996303	0	0.128	0.011	0.33
1913.75	 469	3.16356e-317	2.96439e-323	2.11517e-317	0.993888	0	0.128	0.011	0.35
1820.27	 469	3.16356e-317	2.96439e-323	2.11517e-317	0.992762	0	0.128	0.011	0.37
1753.27	 469	3.16356e-317	2.96439e-323	2.11517e-317	0.992398	0	0.128	0.011	0.39
1701.88	 469	3.16356e-317	2.96439e-323	2.11517e-317	0.990813	0	0.128	0.011	0.41
1639.28	 469	3.16356e-317	2.96439e-323	2.11517e-317	0.989863	0	0.128	0.011	0.43
1537.51	 469	3.16356e-317	2.96439e-323	2.11517e-317	0.988608	0	0.128	0.011	0.45
1548.81	 469	3.16356e-317	2.96439e-323	2.11517e-317	0.987827	0	0.128	0.011	0.47
1453.88	 469	3.16356e-317	2.96439e-323	2.11517e-317	0.986876	0	0.128	0.011	0.49
1698.04	 469	3.16356e-317	2.96439e-323	2.11517e-317	0.997659	0	0.128	0.015	0.31
1622	 469	3.16356e-317	2.96439e-323	2.11517e-317	0.997301	0	0.128	0.015	0.33
1455.71	 469	3.16356e-317	2.96439e-323	2.11517e-317	0.996719	0	0.128	0.015	0.35
1483.38	 469	3.16356e-317	2.96439e-323	2.11517e-317	0.996219	0	0.128	0.015	0.37
1455.79	 469	3.16356e-317	2.96439e-323	2.11517e-317	0.994055	0	0.128	0.015	0.39
1398.18	 469	3.16356e-317	2.96439e-323	2.11517e-317	0.99303	0	0.128	0.015	0.41
1332.83	 469	3.16356e-317	2.96439e-323	2.11517e-317	0.99241	0	0.128	0.015	0.43
1345.34	 469	3.16356e-317	2.96439e-323	2.11517e-317	0.991304	0	0.128	0.015	0.45
1287.06	 469	3.16356e-317	2.96439e-323	2.11517e-317	0.989538	0	0.128	0.015	0.47
1230.42	 469	3.16356e-317	2.96439e-323	2.11517e-317	0.988924	0	0.128	0.015	0.49
1468.48	 469	3.16356e-317	2.96439e-323	2.11517e-317	1.0013	0	0.128	0.019	0.31
1410.5	 469	3.16356e-317	2.96439e-323	2.11517e-317	0.998402	0	0.128	0.019	0.33
1292.37	 469	3.16356e-317	2.96439e-323	2.11517e-317	0.997971	0	0.128	0.019	0.35
1244.65	 469	3.16356e-317	2.96439e-323	2.11517e-317	0.997247	0	0.128	0.019	0.37
1188.05	 469	3.16356e-317	2.96439e-323	2.11517e-317	0.99661	0	0.128	0.019	0.39
1165.15	 469	3.16356e-317	2.96439e-323	2.11517e-317	0.99613	0	0.128	0.019	0.41
1092.34	 469	3.16356e-317	2.96439e-323	2.11517e-317	0.993699	0	0.128	0.019	0.43
1082.46	 469	3.16356e-317	2.96439e-323	2.11517e-317	0.992956	0	0.128	0.019	0.45
1150.49	 469	3.16356e-317	2.96439e-323	2.11517e-317	0.992499	0	0.128	0.019	0.47
1080.69	 469	3.16356e-317	2.96439e-323	2.11517e-317	0.990814	0	0.128	0.019	0.49
1196.86	 469	3.16356e-317	2.96439e-323	2.11517e-317	1.00233	0	0.128	0.023	0.31
1217.2	 469	3.16356e-317	2.96439e-323	2.11517e-317	1.00195	0	0.128	0.023	0.33
1125.1	 469	3.16356e-317	2.96439e-323	2.11517e-317	1.00129	0	0.128	0.023	0.35
1115.41	 469	3.16356e-317	2.96439e-323	2.11517e-317	0.998427	0	0.128	0.023	0.37
974.554	 469	3.16356e-317	2.96439e-323	2.11517e-317	0.997723	0	0.128	0.023	0.39
1039.4	 469	3.16356e-317	2.96439e-323	2.11517e-317	0.997147	0	0.128	0.023	0.41
1013.94	 469	3.16356e-317	2.96439e-323	2.11517e-317	0.996673	0	0.128	0.023	0.43
1001.59	 469	3.16356e-317	2.96439e-323	2.11517e-317	0.996205	0	0.128	0.023	0.45
1022.72	 469	3.16356e-317	2.96439e-323	2.11517e-317	0.993932	0	0.128	0.023	0.47
1008.59	 469	3.16356e-317	2.96439e-323	2.11517e-317	0.993043	0	0.128	0.023	0.49
1105.56	 469	3.16356e-317	2.96439e-323	2.11517e-317	1.00358	0	0.128	0.027	0.31
1071.81	 469	3.16356e-317	2.96439e-323	2.11517e-317	1.00296	0	0.128	0.027	0.33
961.681	 469	3.16356e-317	2.96439e-323	2.11517e-317	1.0024	0	0.128	0.027	0.35
992.691	 469	3.16356e-317	2.96439e-323	2.11517e-317	1.0019	0	0.128	0.027	0.37
980.19	 469	3.16356e-317	2.96439e-323	2.11517e-317	1.00146	0	0.128	0.027	0.39
908.935	 469	3.16356e-317	2.96439e-323	2.11517e-317	0.998226	0	0.128	0.027	0.41
920.337	 469	3.16356e-317	2.96439e-323	2.11517e-317	0.997681	0	0.128	0.027	0.43
928.506	 469	3.16356e-317	2.96439e-323	2.11517e-317	0.997297	0	0.128	0.027	0.45
917.809	 469	3.16356e-317	2.96439e-323	2.11517e-317	0.996584	0	0.128	0.027	0.47
905.056	 469	3.16356e-317	2.96439e-323	2.11517e-317	0.995926	0	0.128	0.027	0.49
1040.78	 469	3.16356e-317	2.96439e-323	2.11517e-317	1.00647	0	0.128	0.031	0.31
951.452	 469	3.16356e-317	2.96439e-323	2.11517e-317	1.00593	0	0.128	0.031	0.33
949.056	 469	3.16356e-317	2.96439e-323	2.11517e-317	1.00354	0	0.128	0.031	0.35
950.551	 469	3.16356e-317	2.96439e-323	2.11517e-317	1.00305	0	0.128	0.031	0.37
864.045	 469	3.16356e-317	2.96439e-323	2.11517e-317	1.00232	0	0.128	0.031	0.39
918.312	 469	3.16356e-317	2.96439e-323	2.11517e-317	1.00196	0	0.128	0.031	0.41
980.799	 469	3.16356e-317	2.96439e-323	2.11517e-317	1.00142	0	0.128	0.031	0.43
943.284	 469	3.16356e-317	2.96439e-323	2.11517e-317	0.998359	0	0.128	0.031	0.45
936.53	 469	3.16356e-317	2.96439e-323	2.11517e-317	0.997716	0	0.128	0.031	0.47
930.141	 469	3.16356e-317	2.96439e-323	2.11517e-317	0.997182	0	0.128	0.031	0.49
972.929	 469	3.16356e-317	2.96439e-323	2.11517e-317	1.00784	0	0.128	0.035	0.31
926.054	 469	3.16356e-317	2.96439e-323	2.11517e-317	1.00692	0	0.128	0.035	0.33
938.433	 469	3.16356e-317	2.96439e-323	2.11517e-317	1.00614	0	0.128	0.035	0.35
986.786	 469	3.16356e-317	2.96439e-323	2.11517e-317	1.0037	0	0.128	0.035	0.37
888.192	 469	3.16356e-317	2.96439e-323	2.11517e-317	1.00344	0	0.128	0.035	0.39
898.391	 469	3.16356e-317	2.96439e-323	2.11517e-317	1.00281	0	0.128	0.035	0.41
909.983	 469	3.16356e-317	2.96439e-323	2.11517e-317	1.00229	0	0.128	0.035	0.43
951.889	 469	3.16356e-317	2.96439e-323	2.11517e-317	1.00177	0	0.128	0.035	0.45
995.027	 469	3.16356e-317	2.96439e-323	2.11517e-317	0.998678	0	0.128	0.035	0.47
1025.99	 469	3.16356e-317	2.96439e-323	2.11517e-317	0.998018	0	0.128	0.035	0.49
936.939	 469	3.16356e-317	2.96439e-323	2.11517e-317	1.01029	0	0.128	0.039	0.31
926.379	 469	3.16356e-317	2.96439e-323	2.11517e-317	1.00886	0	0.128	0.039	0.33
921.575	 469	3.16356e-317	2.96439e-323	2.11517e-317	1.00732	0	0.128	0.039	0.35
997.008	 469	3.16356e-317	2.96439e-323	2.11517e-317	1.00673	0	0.128	0.039	0.37
927.414	 469	3.16356e-317	2.96439e-323	2.11517e-317	1.00607	0	0.128	0.039	0.39
1025.64	 469	3.16356e-317	2.96439e-323	2.11517e-317	1.00364	0	0.128	0.039	0.41
952.798	 469	3.16356e-317	2.96439e-323	2.11517e-317	1.00328	0	0.128	0.039	0.43
932.744	 469	3.16356e-317	2.96439e-323	2.11517e-317	1.00253	0	0.128	0.039	0.45
1014.24	 469	3.16356e-317	2.96439e-323	2.11517e-317	1.0021	0	0.128	0.039	0.47
1124.16	 469	3.16356e-317	2.96439e-323	2.11517e-317	1.00169	0	0.128	0.039	0.49
958.719	 469	3.16356e-317	2.96439e-323	2.11517e-317	1.01167	0	0.128	0.043	0.31
903.044	 469	3.16356e-317	2.96439e-323	2.11517e-317	1.01068	0	0.128	0.043	0.33
970.204	 469	3.16356e-317	2.96439e-323	2.11517e-317	1.00946	0	0.128	0.043	0.35
923.092	 469	3.16356e-317	2.96439e-323	2.11517e-317	1.00827	0	0.128	0.043	0.37
952.657	 469	3.16356e-317	2.96439e-323	2.11517e-317	1.00738	0	0.128	0.043	0.39
979.339	 469	3.16356e-317	2.96439e-323	2.11517e-317	1.00657	0	0.128	0.043	0.41
1095.54	 469	3.16356e-317	2.96439e-323	2.11517e-317	1.00596	0	0.128	0.043	0.43
1034.76	 469	3.16356e-317	2.96439e-323	2.11517e-317	1.00369	0	0.128	0.043	0.45
1100.1	 469	3.16356e-317	2.96439e-323	2.11517e-317	1.0031	0	0.128	0.043	0.47
1104.4	 469	3.16356e-317	2.96439e-323	2.11517e-317	1.00267	0	0.128	0.043	0.49
978.818	 469	3.16356e-317	2.96439e-323	2.11517e-317	1.0133	0	0.128	0.047	0.31
966.66	 469	3.16356e-317	2.96439e-323	2.11517e-317	1.012	0	0.128	0.047	0.33
1026.73	 469	3.16356e-317	2.96439e-323	2.11517e-317	1.01118	0	0.128	0.047	0.35
1072.03	 469	3.16356e-317	2.96439e-323	2.11517e-317	1.0108	0	0.128	0.047	0.37
1020.93	 469	3.16356e-317	2.96439e-323	2.11517e-317	1.00876	0	0.128	0.047	0.39
1039.1	 469	3.16356e-317	2.96439e-323	2.11517e-317	1.00765	0	0.128	0.047	0.41
1097.95	 469	3.16356e-317	2.96439e-323	2.11517e-317	1.00721	0	0.128	0.047	0.43
1187.36	 469	3.16356e-317	2.96439e-323	2.11517e-317	1.00652	0	0.128	0.047	0.45
1275.64	 469	3.16356e-317	2.96439e-323	2.11517e-317	1.00441	0	0.128	0.047	0.47
1247.64	 469	3.16356e-317	2.96439e-323	2.11517e-317	1.00326	0	0.128	0.047	0.49
1779.41	 469	3.16356e-317	2.96439e-323	2.11517e-317	0.997613	0	0.132	0.011	0.31
1768.33	 469	3.16356e-317	2.96439e-323	2.11517e-317	0.997112	0	0.132	0.011	0.33
1649.41	 469	3.16356e-317	2.96439e-323	2.11517e-317	0.9966	0	0.132	0.011	0.35
1597.04	 469	3.16356e-317	2.96439e-323	2.11517e-317	0.996387	0	0.132	0.011	0.37
1492.48	 469	3.16356e-317	2.96439e-323	2.11517e-317	0.993532	0	0.132	0.011	0.39
1481.81	 469	3.16356e-317	2.96439e-323	2.11517e-317	0.992868	0	0.132	0.011	0.41
1460.74	 469	3.16356e-317	2.96439e-323	2.11517e-317	0.991305	0	0.132	0.011	0.43
1468.63	 469	3.16356e-317	2.96439e-323	2.11517e-317	0.990858	0	0.132	0.011	0.45
1367.24	 469	3.16356e-317	2.96439e-323	2.11517e-317	0.989271	0	0.132	0.011	0.47
1351.57	 469	3.16356e-317	2.96439e-323	2.11517e-317	0.988552	0	0.132	0.011	0.49
1688.16	 469	3.16356e-317	2.96439e-323	2.11517e-317	1.00149	0	0.132	0.015	0.31
1464.4	 469	3.16356e-317	2.96439e-323	2.11517e-317	0.998423	0	0.132	0.015	0.33
1333.02	 469	3.16356e-317	2.96439e-323	2.11517e-317	0.997801	0	0.132	0.015	0.35
1424.86	 469	3.16356e-317	2.96439e-323	2.11517e-317	0.997177	0	0.132	0.015	0.37
1318.15	 469	3.16356e-317	2.96439e-323	2.11517e-317	0.996512	0	0.132	0.015	0.39
1208.31	 469	3.16356e-317	2.96439e-323	2.11517e-317	0.995851	0	0.132	0.015	0.41
1253.94	 469	3.16356e-317	2.96439e-323	2.11517e-317	0.993643	0	0.132	0.015	0.43
1159.98	 469	3.16356e-317	2.96439e-323	2.11517e-317	0.992976	0	0.132	0.015	0.45
1233.99	 469	3.16356e-317	2.96439e-323	2.11517e-317	0.992361	0	0.132	0.015	0.47
1201.99	 469	3.16356e-317	2.96439e-323	2.11517e-317	0.990803	0	0.132	0.015	0.49
1299.9	 469	3.16356e-317	2.96439e-323	2.11517e-317	1.00254	0	0.132	0.019	0.31
1267.65	 469	3.16356e-317	2.96439e-323	2.11517e-317	1.00195	0	0.132	0.019	0.33
1242.95	 469	3.16356e-317	2.96439e-323	2.11517e-317	1.00145	0	0.132	0.019	0.35
1182.74	 469	3.16356e-317	2.96439e-323	2.11517e-317	0.998081	0	0.132	0.019	0.37
1102.67	 469	3.16356e-317	2.96439e-323	2.11517e-317	0.997794	0	0.132	0.019	0.39
1079.96	 469	3.16356e-317	2.96439e-323	2.11517e-317	0.997082	0	0.132	0.019	0.41
1028.36	 469	3.16356e-317	2.96439e-323	2.11517e-317	0.996537	0	0.132	0.019	0.43
1047.66	 469	3.16356e-317	2.96439e-323	2.11517e-317	0.994528	0	0.132	0.019	0.45
1056.33	 469	3.16356e-317	2.96439e-323	2.11517e-317	0.993462	0	0.132	0.019	0.47
1044.66	 469	3.16356e-317	2.96439e-323	2.11517e-317	0.992743	0	0.132	0.019	0.49
1139.21	 469	3.16356e-317	2.96439e-323	2.11517e-317	1.00362	0	0.132	0.023	0.31
1085.07	 469	3.16356e-317	2.96439e-323	2.11517e-317	1.00303	0	0.132	0.023	0.33
1032.32	 469	3.16356e-317	2.96439e-323	2.11517e-317	1.00229	0	0.132	0.023	0.35
1006.08	 469	3.16356e-317	2.96439e-323	2.11517e-317	1.00178	0	0.132	0.023	0.37
956.173	 469	3.16356e-317	2.96439e-323	2.11517e-317	0.998561	0	0.132	0.023	0.39
988.232	 469	3.16356e-317	2.96439e-323	2.11517e-317	0.998179	0	0.132	0.023	0.41
967.528	 469	3.16356e-317	2.96439e-323	2.11517e-317	0.997636	0	0.132	0.023	0.43
909.788	 469	3.16356e-317	2.96439e-323	2.11517e-317	0.996938	0	0.132	0.023	0.45
944.843	 469	3.16356e-317	2.96439e-323	2.11517e-317	0.99648	0	0.132	0.023	0.47
1036.01	 469	3.16356e-317	2.96439e-323	2.11517e-317	0.996126	0	0.132	0.023	0.49
1094.02	 469	3.16356e-317	2.96439e-323	2.11517e-317	1.00622	0	0.132	0.027	0.31
1019.96	 469	3.16356e-317	2.96439e-323	2.11517e-317	1.00466	0	0.132	0.027	0.33
978.549	 469	3.16356e-317	2.96439e-323	2.11517e-317	1.00343	0	0.132	0.027	0.35
938.887	 469	3.16356e-317	2.96439e-323	2.11517e-317	1.00308	0	0.132	0.027	0.37
885.613	 469	3.16356e-317	2.96439e-323	2.11517e-317	1.00236	0	0.132	0.027	0.39
897.646	 469	3.16356e-317	2.96439e-323	2.11517e-317	1.00159	0	0.132	0.027	0.41
942.978	 469	3.16356e-317	2.96439e-323	2.11517e-317	0.998488	0	0.132	0.027	0.43
862.184	 469	3.16356e-317	2.96439e-323	2.11517e-317	0.99798	0	0.132	0.027	0.45
878.401	 469	3.16356e-317	2.96439e-323	2.11517e-317	0.997741	0	0.132	0.027	0.47
814.427	 469	3.16356e-317	2.96439e-323	2.11517e-317	0.996858	0	0.132	0.027	0.49
951.918	 469	3.16356e-317	2.96439e-323	2.11517e-317	1.00767	0	0.132	0.031	0.31
920.829	 469	3.16356e-317	2.96439e-323	2.11517e-317	1.00724	0	0.132	0.031	0.33
923.649	 469	3.16356e-317	2.96439e-323	2.11517e-317	1.00638	0	0.132	0.031	0.35
973.375	 469	3.16356e-317	2.96439e-323	2.11517e-317	1.00389	0	0.132	0.031	0.37
876.789	 469	3.16356e-317	2.96439e-323	2.11517e-317	1.00337	0	0.132	0.031	0.39
857.43	 469	3.16356e-317	2.96439e-323	2.11517e-317	1.00267	0	0.132	0.031	0.41
847.69	 469	3.16356e-317	2.96439e-323	2.11517e-317	1.00228	0	0.132	0.031	0.43
951.285	 469	3.16356e-317	2.96439e-323	2.11517e-317	1.00159	0	0.132	0.031	0.45
992.038	 469	3.16356e-317	2.96439e-323	2.11517e-317	0.998597	0	0.132	0.031	0.47
986.792	 469	3.16356e-317	2.96439e-323	2.11517e-317	0.998034	0	0.132	0.031	0.49
1048.97	 469	3.16356e-317	2.96439e-323	2.11517e-317	1.01054	0	0.132	0.035	0.31
978.543	 469	3.16356e-317	2.96439e-323	2.11517e-317	1.00887	0	0.132	0.035	0.33
886.571	 469	3.16356e-317	2.96439e-323	2.11517e-317	1.00742	0	0.132	0.035	0.35
911.294	 469	3.16356e-317	2.96439e-323	2.11517e-317	1.00683	0	0.132	0.035	0.37
839.382	 469	3.16356e-317	2.96439e-323	2.11517e-317	1.00573	0	0.132	0.035	0.39
876.121	 469	3.16356e-317	2.96439e-323	2.11517e-317	1.0038	0	0.132	0.035	0.41
888.668	 469	3.16356e-317	2.96439e-323	2.11517e-317	1.00322	0	0.132	0.035	0.43
923.531	 469	3.16356e-317	2.96439e-323	2.11517e-317	1.00263	0	0.132	0.035	0.45
993.889	 469	3.16356e-317	2.96439e-323	2.11517e-317	1.0021	0	0.132	0.035	0.47
1059.47	 469	3.16356e-317	2.96439e-323	2.11517e-317	1.0017	0	0.132	0.035	0.49
917.896	 469	3.16356e-317	2.96439e-323	2.11517e-317	1.01193	0	0.132	0.039	0.31
967.762	 469	3.16356e-317	2.96439e-323	2.11517e-317	1.01124	0	0.132	0.039	0.33
867.394	 469	3.16356e-317	2.96439e-323	2.11517e-317	1.00985	0	0.132	0.039	0.35
938.719	 469	3.16356e-317	2.96439e-323	2.11517e-317	1.00878	0	0.132	0.039	0.37
973.571	 469	3.16356e-317	2.96439e-323	2.11517e-317	1.00757	0	0.132	0.039	0.39
949.257	 469	3.16356e-317	2.96439e-323	2.11517e-317	1.00659	0	0.132	0.039	0.41
975.604	 469	3.16356e-317	2.96439e-323	2.11517e-317	1.00602	0	0.132	0.039	0.43
1031.37	 469	3.16356e-317	2.96439e-323	2.11517e-317	1.00357	0	0.132	0.039	0.45
1000.79	 469	3.16356e-317	2.96439e-323	2.11517e-317	1.00288	0	0.132	0.039	0.47
1135.95	 469	3.16356e-317	2.96439e-323	2.11517e-317	1.00271	0	0.132	0.039	0.49
963.333	 469	3.16356e-317	2.96439e-323	2.11517e-317	1.01292	0	0.132	0.043	0.31
946.275	 469	3.16356e-317	2.96439e-323	2.11517e-317	1.01218	0	0.132	0.043	0.33
1061.26	 469	3.16356e-317	2.96439e-323	2.11517e-317	1.0117	0	0.132	0.043	0.35
1040.9	 469	3.16356e-317	2.96439e-323	2.11517e-317	1.01024	0	0.132	0.043	0.37
1063.02	 469	3.16356e-317	2.96439e-323	2.11517e-317	1.00903	0	0.132	0.043	0.39
1094.24	 469	3.16356e-317	2.96439e-323	2.11517e-317	1.00776	0	0.132	0.043	0.41
1004.01	 469	3.16356e-317	2.96439e-323	2.11517e-317	1.00699	0	0.132	0.043	0.43
1150.8	 469	3.16356e-317	2.96439e-323	2.11517e-317	1.00626	0	0.132	0.043	0.45
1211.2	 469	3.16356e-317	2.96439e-323	2.11517e-317	1.00586	0	0.132	0.043	0.47
1256.15	 469	3.16356e-317	2.96439e-323	2.11517e-317	1.00378	0	0.132	0.043	0.49
1060.6	 469	3.16356e-317	2.96439e-323	2.11517e-317	1.01498	0	0.132	0.047	0.31
1042.1	 469	3.16356e-317	2.96439e-323	2.11517e-317	1.01393	0	0.132	0.047	0.33
1072.43	 469	3.16356e-317	2.96439e-323	2.11517e-317	1.01279	0	0.132	0.047	0.35
1068.54	 469	3.16356e-317	2.96439e-323	2.11517e-317	1.01199	0	0.132	0.047	0.37
1140.67	 469	3.16356e-317	2.96439e-323	2.11517e-317	1.0115	0	0.132	0.047	0.39
1093.88	 469	3.16356e-317	2.96439e-323	2.11517e-317	1.01042	0	0.132	0.047	0.41
1171.62	 469	3.16356e-317	2.96439e-323	2.11517e-317	1.00821	0	0.132	0.047	0.43
1180.9	 469	3.16356e-317	2.96439e-323	2.11517e-317	1.0074	0	0.132	0.047	0.45
1272.93	 469	3.16356e-317	2.96439e-323	2.11517e-317	1.00675	0	0.132	0.047	0.47
1294.54	 469	3.16356e-317	2.96439e-323	2.11517e-317	1.006	0	0.132	0.047	0.49
1720.06	 469	3.16356e-317	2.96439e-323	2.11517e-317	1.00119	0	0.136	0.011	0.31
1590.67	 469	3.16356e-317	2.96439e-323	2.11517e-317	0.998057	0	0.136	0.011	0.33
1439.8	 469	3.16356e-317	2.96439e-323	2.11517e-317	0.997494	0	0.136	0.011	0.35
1418.78	 469	3.16356e-317	2.96439e-323	2.11517e-317	0.997024	0	0.136	0.011	0.37
1438.02	 469	3.16356e-317	2.96439e-323	2.11517e-317	0.996547	0	0.136	0.011	0.39
1388.9	 469	3.16356e-317	2.96439e-323	2.11517e-317	0.993963	0	0.136	0.011	0.41
1247.93	 469	3.16356e-317	2.96439e-323	2.11517e-317	0.993456	0	0.136	0.011	0.43
1292.73	 469	3.16356e-317	2.96439e-323	2.11517e-317	0.992541	0	0.136	0.011	0.45
1237.22	 469	3.16356e-317	2.96439e-323	2.11517e-317	0.991134	0	0.136	0.011	0.47
1318.22	 469	3.16356e-317	2.96439e-323	2.11517e-317	0.990729	0	0.136	0.011	0.49
1334.94	 469	3.16356e-317	2.96439e-323	2.11517e-317	1.00218	0	0.136	0.015	0.31
1307.77	 469	3.16356e-317	2.96439e-323	2.11517e-317	1.00186	0	0.136	0.015	0.33
1287.62	 469	3.16356e-317	2.96439e-323	2.11517e-317	0.998533	0	0.136	0.015	0.35
1227.44	 469	3.16356e-317	2.96439e-323	2.11517e-317	0.99822	0	0.136	0.015	0.37
1116.1	 469	3.16356e-317	2.96439e-323	2.11517e-317	0.997553	0	0.136	0.015	0.39
1132.3	 469	3.16356e-317	2.96439e-323	2.11517e-317	0.997036	0	0.136	0.015	0.41
1138.86	 469	3.16356e-317	2.96439e-323	2.11517e-317	0.99637	0	0.136	0.015	0.43
1174.53	 469	3.16356e-317	2.96439e-323	2.11517e-317	0.994246	0	0.136	0.015	0.45
1072.29	 469	3.16356e-317	2.96439e-323	2.11517e-317	0.993382	0	0.136	0.015	0.47
1125.16	 469	3.16356e-317	2.96439e-323	2.11517e-317	0.99285	0	0.136	0.015	0.49
1212.14	 469	3.16356e-317	2.96439e-323	2.11517e-317	1.00346	0	0.136	0.019	0.31
1142.36	 469	3.16356e-317	2.96439e-323	2.11517e-317	1.00291	0	0.136	0.019	0.33
1083.82	 469	3.16356e-317	2.96439e-323	2.11517e-317	1.00236	0	0.136	0.019	0.35
1080.25	 469	3.16356e-317	2.96439e-323	2.11517e-317	1.00178	0	0.136	0.019	0.37
1023.43	 469	3.16356e-317	2.96439e-323	2.11517e-317	0.998553	0	0.136	0.019	0.39
1038.22	 469	3.16356e-317	2.96439e-323	2.11517e-317	0.998149	0	0.136	0.019	0.41
919.853	 469	3.16356e-317	2.96439e-323	2.11517e-317	0.997444	0	0.136	0.019	0.43
1015.3	 469	3.16356e-317	2.96439e-323	2.11517e-317	0.997154	0	0.136	0.019	0.45
964.982	 469	3.16356e-317	2.96439e-323	2.11517e-317	0.996387	0	0.136	0.019	0.47
1054.13	 469	3.16356e-317	2.96439e-323	2.11517e-317	0.996007	0	0.136	0.019	0.49
1081.6	 469	3.16356e-317	2.96439e-323	2.11517e-317	1.00651	0	0.136	0.023	0.31
1064.59	 469	3.16356e-317	2.96439e-323	2.11517e-317	1.00377	0	0.136	0.023	0.33
932.049	 469	3.16356e-317	2.96439e-323	2.11517e-317	1.00321	0	0.136	0.023	0.35
923.029	 469	3.16356e-317	2.96439e-323	2.11517e-317	1.0029	0	0.136	0.023	0.37
902.341	 469	3.16356e-317	2.96439e-323	2.11517e-317	1.00232	0	0.136	0.023	0.39
977.699	 469	3.16356e-317	2.96439e-323	2.11517e-317	1.0018	0	0.136	0.023	0.41
975.692	 469	3.16356e-317	2.96439e-323	2.11517e-317	1.00124	0	0.136	0.023	0.43
908.497	 469	3.16356e-317	2.96439e-323	2.11517e-317	0.998048	0	0.136	0.023	0.45
940.56	 469	3.16356e-317	2.96439e-323	2.11517e-317	0.9975	0	0.136	0.023	0.47
954.783	 469	3.16356e-317	2.96439e-323	2.11517e-317	0.996994	0	0.136	0.023	0.49
965.99	 469	3.16356e-317	2.96439e-323	2.11517e-317	1.00764	0	0.136	0.027	0.31
1025.82	 469	3.16356e-317	2.96439e-323	2.11517e-317	1.00724	0	0.136	0.027	0.33
949.997	 469	3.16356e-317	2.96439e-323	2.11517e-317	1.0063	0	0.136	0.027	0.35
956.181	 469	3.16356e-317	2.96439e-323	2.11517e-317	1.00384	0	0.136	0.027	0.37
840.408	 469	3.16356e-317	2.96439e-323	2.11517e-317	1.00311	0	0.136	0.027	0.39
870.276	 469	3.16356e-317	2.96439e-323	2.11517e-317	1.00272	0	0.136	0.027	0.41
911.32	 469	3.16356e-317	2.96439e-323	2.11517e-317	1.00224	0	0.136	0.027	0.43
900.56	 469	3.16356e-317	2.96439e-323	2.11517e-317	1.00159	0	0.136	0.027	0.45
931.498	 469	3.16356e-317	2.96439e-323	2.11517e-317	0.998415	0	0.136	0.027	0.47
984.004	 469	3.16356e-317	2.96439e-323	2.11517e-317	0.998028	0	0.136	0.027	0.49
907.27	 469	3.16356e-317	2.96439e-323	2.11517e-317	1.01013	0	0.136	0.031	0.31
821.376	 469	3.16356e-317	2.96439e-323	2.11517e-317	1.00814	0	0.136	0.031	0.33
880.069	 469	3.16356e-317	2.96439e-323	2.11517e-317	1.00728	0	0.136	0.031	0.35
882.603	 469	3.16356e-317	2.96439e-323	2.11517e-317	1.00689	0	0.136	0.031	0.37
856.28	 469	3.16356e-317	2.96439e-323	2.11517e-317	1.00607	0	0.136	0.031	0.39
910.808	 469	3.16356e-317	2.96439e-323	2.11517e-317	1.00384	0	0.136	0.031	0.41
819.91	 469	3.16356e-317	2.96439e-323	2.11517e-317	1.00307	0	0.136	0.031	0.43
923.786	 469	3.16356e-317	2.96439e-323	2.11517e-317	1.0028	0	0.136	0.031	0.45
958.149	 469	3.16356e-317	2.96439e-323	2.11517e-317	1.00217	0	0.136	0.031	0.47
1033.28	 469	3.16356e-317	2.96439e-323	2.11517e-317	1.00169	0	0.136	0.031	0.49
927.278	 469	3.16356e-317	2.96439e-323	2.11517e-317	1.01182	0	0.136	0.035	0.31
891.219	 469	3.16356e-317	2.96439e-323	2.11517e-317	1.01041	0	0.136	0.035	0.33
892.901	 469	3.16356e-317	2.96439e-323	2.11517e-317	1.0093	0	0.136	0.035	0.35
899.017	 469	3.16356e-317	2.96439e-323	2.11517e-317	1.00779	0	0.136	0.035	0.37
898.186	 469	3.16356e-317	2.96439e-323	2.11517e-317	1.00715	0	0.136	0.035	0.39
972.779	 469	3.16356e-317	2.96439e-323	2.11517e-317	1.00678	0	0.136	0.035	0.41
938.469	 469	3.16356e-317	2.96439e-323	2.11517e-317	1.00592	0	0.136	0.035	0.43
976.05	 469	3.16356e-317	2.96439e-323	2.11517e-317	1.00387	0	0.136	0.035	0.45
985.059	 469	3.16356e-317	2.96439e-323	2.11517e-317	1.00317	0	0.136	0.035	0.47
999.837	 469	3.16356e-317	2.96439e-323	2.11517e-317	1.00264	0	0.136	0.035	0.49
972.111	 469	3.16356e-317	2.96439e-323	2.11517e-317	1.01349	0	0.136	0.039	0.31
956.001	 469	3.16356e-317	2.96439e-323	2.11517e-317	1.01279	0	0.136	0.039	0.33
949.703	 469	3.16356e-317	2.96439e-323	2.11517e-317	1.0118	0	0.136	0.039	0.35
986.064	 469	3.16356e-317	2.96439e-323	2.11517e-317	1.01027	0	0.136	0.039	0.37
993.964	 469	3.16356e-317	2.96439e-323	2.11517e-317	1.00904	0	0.136	0.039	0.39
995.698	 469	3.16356e-317	2.96439e-323	2.11517e-317	1.00762	0	0.136	0.039	0.41
1021.32	 469	3.16356e-317	2.96439e-323	2.11517e-317	1.00701	0	0.136	0.039	0.43
1056.05	 469	3.16356e-317	2.96439e-323	2.11517e-317	1.00658	0	0.136	0.039	0.45
1171.2	 469	3.16356e-317	2.96439e-323	2.11517e-317	1.00373	0	0.136	0.039	0.47
1190.65	 469	3.16356e-317	2.96439e-323	2.11517e-317	1.00351	0	0.136	0.039	0.49
985.049	 469	3.16356e-317	2.96439e-323	2.11517e-317	1.01472	0	0.136	0.043	0.31
1001.1	 469	3.16356e-317	2.96439e-323	2.11517e-317	1.01379	0	0.136	0.043	0.33
1085.51	 469	3.16356e-317	2.96439e-323	2.11517e-317	1.01309	0	0.136	0.043	0.35
1057.97	 469	3.16356e-317	2.96439e-323	2.11517e-317	1.01231	0	0.136	0.043	0.37
1082.79	 469	3.16356e-317	2.96439e-323	2.11517e-317	1.01119	0	0.136	0.043	0.39
1090.77	 469	3.16356e-317	2.96439e-323	2.11517e-317	1.00989	0	0.136	0.043	0.41
1140.03	 469	3.16356e-317	2.96439e-323	2.11517e-317	1.00861	0	0.136	0.043	0.43
1247.8	 469	3.16356e-317	2.96439e-323	2.11517e-317	1.00751	0	0.136	0.043	0.45
1201.12	 469	3.16356e-317	2.96439e-323	2.11517e-317	1.00711	0	0.136	0.043	0.47
1267.29	 469	3.16356e-317	2.96439e-323	2.11517e-317	1.00635	0	0.136	0.043	0.49
1174.66	 469	3.16356e-317	2.96439e-323	2.11517e-317	1.01703	0	0.136	0.047	0.31
1091.43	 469	3.16356e-317	2.96439e-323	2.11517e-317	1.01526	0	0.136	0.047	0.33
1030.95	 469	3.16356e-317	2.96439e-323	2.11517e-317	1.01437	0	0.136	0.047	0.35
1245.31	 469	3.16356e-317	2.96439e-323	2.11517e-317	1.01385	0	0.136	0.047	0.37
1181.08	 469	3.16356e-317	2.96439e-323	2.11517e-317	1.01293	0	0.136	0.047	0.39
1180.88	 469	3.16356e-317	2.96439e-323	2.11517e-317	1.0116	0	0.136	0.047	0.41
1236.42	 469	3.16356e-317	2.96439e-323	2.11517e-317	1.01092	0	0.136	0.047	0.43
1307.95	 469	3.16356e-317	2.96439e-323	2.11517e-317	1.00922	0	0.136	0.047	0.45
1390.27	 469	3.16356e-317	2.96439e-323	2.11517e-317	1.00853	0	0.136	0.047	0.47
1449.91	 469	3.16356e-317	2.96439e-323	2.11517e-317	1.00746	0	0.136	0.047	0.49
1553	 469	3.16356e-317	2.96439e-323	2.11517e-317	1.00225	0	0.14	0.011	0.31
1419.27	 469	3.16356e-317	2.96439e-323	2.11517e-317	1.00165	0	0.14	0.011	0.33
1417	 469	3.16356e-317	2.96439e-323	2.11517e-317	0.998438	0	0.14	0.011	0.35
1415.44	 469	3.16356e-317	2.96439e-323	2.11517e-317	0.997941	0	0.14	0.011	0.37
1263.8	 469	3.16356e-317	2.96439e-323	2.11517e-317	0.997474	0	0.14	0.011	0.39
1190.17	 469	3.16356e-317	2.96439e-323	2.11517e-317	0.996736	0	0.14	0.011	0.41
1186.32	 469	3.16356e-317	2.96439e-323	2.11517e-317	0.995945	0	0.14	0.011	0.43
1195.15	 469	3.16356e-317	2.96439e-323	2.11517e-317	0.993838	0	0.14	0.011	0.45
1233.86	 469	3.16356e-317	2.96439e-323	2.11517e-317	0.993343	0	0.14	0.011	0.47
1124.06	 469	3.16356e-317	2.96439e-323	2.11517e-317	0.99241	0	0.14	0.011	0.49
1256.46	 469	3.16356e-317	2.96439e-323	2.11517e-317	1.00322	0	0.14	0.015	0.31
1182.37	 469	3.16356e-317	2.96439e-323	2.11517e-317	1.00272	0	0.14	0.015	0.33
1147.36	 469	3.16356e-317	2.96439e-323	2.11517e-317	1.00217	0	0.14	0.015	0.35
1156.27	 469	3.16356e-317	2.96439e-323	2.11517e-317	1.00168	0	0.14	0.015	0.37
1093.47	 469	3.16356e-317	2.96439e-323	2.11517e-317	0.998646	0	0.14	0.015	0.39
1074.92	 469	3.16356e-317	2.96439e-323	2.11517e-317	0.997764	0	0.14	0.015	0.41
1008.01	 469	3.16356e-317	2.96439e-323	2.11517e-317	0.99747	0	0.14	0.015	0.43
1032	 469	3.16356e-317	2.96439e-323	2.11517e-317	0.996879	0	0.14	0.015	0.45
1106.67	 469	3.16356e-317	2.96439e-323	2.11517e-317	0.996392	0	0.14	0.015	0.47
1092.08	 469	3.16356e-317	2.96439e-323	2.11517e-317	0.995551	0	0.14	0.015	0.49
1203	 469	3.16356e-317	2.96439e-323	2.11517e-317	1.00617	0	0.14	0.019	0.31
1079.66	 469	3.16356e-317	2.96439e-323	2.11517e-317	1.00565	0	0.14	0.019	0.33
1001.73	 469	3.16356e-317	2.96439e-323	2.11517e-317	1.00318	0	0.14	0.019	0.35
992.967	 469	3.16356e-317	2.96439e-323	2.11517e-317	1.00277	0	0.14	0.019	0.37
1006.89	 469	3.16356e-317	2.96439e-323	2.11517e-317	1.00241	0	0.14	0.019	0.39
952.849	 469	3.16356e-317	2.96439e-323	2.11517e-317	1.0018	0	0.14	0.019	0.41
950.084	 469	3.16356e-317	2.96439e-323	2.11517e-317	0.998553	0	0.14	0.019	0.43
935.356	 469	3.16356e-317	2.96439e-323	2.11517e-317	0.997992	0	0.14	0.019	0.45
971.461	 469	3.16356e-317	2.96439e-323	2.11517e-317	0.997705	0	0.14	0.019	0.47
917.013	 469	3.16356e-317	2.96439e-323	2.11517e-317	0.997002	0	0.14	0.019	0.49
1035.83	 469	3.16356e-317	2.96439e-323	2.11517e-317	1.00766	0	0.14	0.023	0.31
968.327	 469	3.16356e-317	2.96439e-323	2.11517e-317	1.00683	0	0.14	0.023	0.33
911.186	 469	3.16356e-317	2.96439e-323	2.11517e-317	1.00626	0	0.14	0.023	0.35
956.309	 469	3.16356e-317	2.96439e-323	2.11517e-317	1.0039	0	0.14	0.023	0.37
864.841	 469	3.16356e-317	2.96439e-323	2.11517e-317	1.00326	0	0.14	0.023	0.39
878.261	 469	3.16356e-317	2.96439e-323	2.11517e-317	1.0026	0	0.14	0.023	0.41
933.338	 469	3.16356e-317	2.96439e-323	2.11517e-317	1.00219	0	0.14	0.023	0.43
965.832	 469	3.16356e-317	2.96439e-323	2.11517e-317	1.00181	0	0.14	0.023	0.45
883.203	 469	3.16356e-317	2.96439e-323	2.11517e-317	0.998342	0	0.14	0.023	0.47
938.944	 469	3.16356e-317	2.96439e-323	2.11517e-317	0.998081	0	0.14	0.023	0.49
954.484	 469	3.16356e-317	2.96439e-323	2.11517e-317	1.01041	0	0.14	0.027	0.31
920.954	 469	3.16356e-317	2.96439e-323	2.11517e-317	1.00859	0	0.14	0.027	0.33
824.019	 469	3.16356e-317	2.96439e-323	2.11517e-317	1.00743	0	0.14	0.027	0.35
812.735	 469	3.16356e-317	2.96439e-323	2.11517e-317	1.00675	0	0.14	0.027	0.37
879.475	 469	3.16356e-317	2.96439e-323	2.11517e-317	1.00598	0	0.14	0.027	0.39
829.035	 469	3.16356e-317	2.96439e-323	2.11517e-317	1.00386	0	0.14	0.027	0.41
836.892	 469	3.16356e-317	2.96439e-323	2.11517e-317	1.00309	0	0.14	0.027	0.43
872.164	 469	3.16356e-317	2.96439e-323	2.11517e-317	1.00263	0	0.14	0.027	0.45
927.516	 469	3.16356e-317	2.96439e-323	2.11517e-317	1.00204	0	0.14	0.027	0.47
1009.5	 469	3.16356e-317	2.96439e-323	2.11517e-317	1.00147	0	0.14	0.027	0.49
906.399	 469	3.16356e-317	2.96439e-323	2.11517e-317	1.01175	0	0.14	0.031	0.31
951.362	 469	3.16356e-317	2.96439e-323	2.11517e-317	1.0112	0	0.14	0.031	0.33
914.946	 469	3.16356e-317	2.96439e-323	2.11517e-317	1.00941	0	0.14	0.031	0.35
877.91	 469	3.16356e-317	2.96439e-323	2.11517e-317	1.00795	0	0.14	0.031	0.37
918.788	 469	3.16356e-317	2.96439e-323	2.11517e-317	1.0075	0	0.14	0.031	0.39
865.656	 469	3.16356e-317	2.96439e-323	2.11517e-317	1.00669	0	0.14	0.031	0.41
901.672	 469	3.16356e-317	2.96439e-323	2.11517e-317	1.00596	0	0.14	0.031	0.43
925.573	 469	3.16356e-317	2.96439e-323	2.11517e-317	1.00372	0	0.14	0.031	0.45
928.396	 469	3.16356e-317	2.96439e-323	2.11517e-317	1.00312	0	0.14	0.031	0.47
1070.41	 469	3.16356e-317	2.96439e-323	2.11517e-317	1.00264	0	0.14	0.031	0.49
935.115	 469	3.16356e-317	2.96439e-323	2.11517e-317	1.01357	0	0.14	0.035	0.31
934.049	 469	3.16356e-317	2.96439e-323	2.11517e-317	1.01282	0	0.14	0.035	0.33
867.418	 469	3.16356e-317	2.96439e-323	2.11517e-317	1.01162	0	0.14	0.035	0.35
941.552	 469	3.16356e-317	2.96439e-323	2.11517e-317	1.01071	0	0.14	0.035	0.37
964.712	 469	3.16356e-317	2.96439e-323	2.11517e-317	1.00913	0	0.14	0.035	0.39
984.671	 469	3.16356e-317	2.96439e-323	2.11517e-317	1.00792	0	0.14	0.035	0.41
974.489	 469	3.16356e-317	2.96439e-323	2.11517e-317	1.007	0	0.14	0.035	0.43
979.285	 469	3.16356e-317	2.96439e-323	2.11517e-317	1.00642	0	0.14	0.035	0.45
1122.06	 469	3.16356e-317	2.96439e-323	2.11517e-317	1.00594	0	0.14	0.035	0.47
1139.52	 469	3.16356e-317	2.96439e-323	2.11517e-317	1.00354	0	0.14	0.035	0.49
999.572	 469	3.16356e-317	2.96439e-323	2.11517e-317	1.01533	0	0.14	0.039	0.31
1064.11	 469	3.16356e-317	2.96439e-323	2.11517e-317	1.01395	0	0.14	0.039	0.33
1010.36	 469	3.16356e-317	2.96439e-323	2.11517e-317	1.01335	0	0.14	0.039	0.35
982.952	 469	3.16356e-317	2.96439e-323	2.11517e-317	1.01203	0	0.14	0.039	0.37
1028.34	 469	3.16356e-317	2.96439e-323	2.11517e-317	1.01127	0	0.14	0.039	0.39
1059.67	 469	3.16356e-317	2.96439e-323	2.11517e-317	1.01023	0	0.14	0.039	0.41
1098.32	 469	3.16356e-317	2.96439e-323	2.11517e-317	1.00894	0	0.14	0.039	0.43
1184.91	 469	3.16356e-317	2.96439e-323	2.11517e-317	1.00784	0	0.14	0.039	0.45
1165.78	 469	3.16356e-317	2.96439e-323	2.11517e-317	1.00709	0	0.14	0.039	0.47
1253.58	 469	3.16356e-317	2.96439e-323	2.11517e-317	1.00639	0	0.14	0.039	0.49
1057.76	 469	3.16356e-317	2.96439e-323	2.11517e-317	1.0167	0	0.14	0.043	0.31
1051.12	 469	3.16356e-317	2.96439e-323	2.11517e-317	1.01589	0	0.14	0.043	0.33
1085.73	 469	3.16356e-317	2.96439e-323	2.11517e-317	1.01436	0	0.14	0.043	0.35
1036.78	 469	3.16356e-317	2.96439e-323	2.11517e-317	1.01386	0	0.14	0.043	0.37
1184.97	 469	3.16356e-317	2.96439e-323	2.11517e-317	1.01299	0	0.14	0.043	0.39
1127.87	 469	3.16356e-317	2.96439e-323	2.11517e-317	1.01169	0	0.14	0.043	0.41
1250.69	 469	3.16356e-317	2.96439e-323	2.11517e-317	1.01114	0	0.14	0.043	0.43
1226.3	 469	3.16356e-317	2.96439e-323	2.11517e-317	1.00951	0	0.14	0.043	0.45
1320.96	 469	3.16356e-317	2.96439e-323	2.11517e-317	1.00834	0	0.14	0.043	0.47
1375.88	 469	3.16356e-317	2.96439e-323	2.11517e-317	1.00741	0	0.14	0.043	0.49
1189.35	 469	3.16356e-317	2.96439e-323	2.11517e-317	1.01862	0	0.14	0.047	0.31
1209.32	 469	3.16356e-317	2.96439e-323	2.11517e-317	1.018	0	0.14	0.047	0.33
1196.12	 469	3.16356e-317	2.96439e-323	2.11517e-317	1.01662	0	0.14	0.047	0.35
1265.79	 469	3.16356e-317	2.96439e-323	2.11517e-317	1.01549	0	0.14	0.047	0.37
1265.45	 469	3.16356e-317	2.96439e-323	2.11517e-317	1.01469	0	0.14	0.047	0.39
1348.69	 469	3.16356e-317	2.96439e-323	2.11517e-317	1.01333	0	0.14	0.047	0.41
1318.5	 469	3.16356e-317	2.96439e-323	2.11517e-317	1.01238	0	0.14	0.047	0.43
1417.47	 469	3.16356e-317	2.96439e-323	2.11517e-317	1.01165	0	0.14	0.047	0.45
1504.29	 469	3.16356e-317	2.96439e-323	2.11517e-317	1.01103	0	0.14	0.047	0.47
1562.97	 469	3.16356e-317	2.96439e-323	2.11517e-317	1.00889	0	0.14	0.047	0.49
1389.22	 469	3.16356e-317	2.96439e-323	2.11517e-317	1.00299	0	0.144	0.011	0.31
1263.69	 469	3.16356e-317	2.96439e-323	2.11517e-317	1.00265	0	0.144	0.011	0.33
1195.54	 469	3.16356e-317	2.96439e-323	2.11517e-317	1.00204	0	0.144	0.011	0.35
1219.74	 469	3.16356e-317	2.96439e-323	2.11517e-317	1.00155	0	0.144	0.011	0.37
1139.19	 469	3.16356e-317	2.96439e-323	2.11517e-317	0.998239	0	0.144	0.011	0.39
1094.63	 469	3.16356e-317	2.96439e-323	2.11517e-317	0.997766	0	0.144	0.011	0.41
1066.7	 469	3.16356e-317	2.96439e-323	2.11517e-317	0.997231	0	0.144	0.011	0.43
1060.03	 469	3.16356e-317	2.96439e-323	2.11517e-317	0.996592	0	0.144	0.011	0.45
1146.59	 469	3.16356e-317	2.96439e-323	2.11517e-317	0.996255	0	0.144	0.011	0.47
1084.91	 469	3.16356e-317	2.96439e-323	2.11517e-317	0.993933	0	0.144	0.011	0.49
1168.27	 469	3.16356e-317	2.96439e-323	2.11517e-317	1.00618	0	0.144	0.015	0.31
1113.32	 469	3.16356e-317	2.96439e-323	2.11517e-317	1.00362	0	0.144	0.015	0.33
1027.39	 469	3.16356e-317	2.96439e-323	2.11517e-317	1.00331	0	0.144	0.015	0.35
1064.03	 469	3.16356e-317	2.96439e-323	2.11517e-317	1.00277	0	0.144	0.015	0.37
1048.14	 469	3.16356e-317	2.96439e-323	2.11517e-317	1.00201	0	0.144	0.015	0.39
988.034	 469	3.16356e-317	2.96439e-323	2.11517e-317	1.00165	0	0.144	0.015	0.41
988.931	 469	3.16356e-317	2.96439e-323	2.11517e-317	0.998399	0	0.144	0.015	0.43
909.245	 469	3.16356e-317	2.96439e-323	2.11517e-317	0.997873	0	0.144	0.015	0.45
886.344	 469	3.16356e-317	2.96439e-323	2.11517e-317	0.997219	0	0.144	0.015	0.47
954.058	 469	3.16356e-317	2.96439e-323	2.11517e-317	0.996846	0	0.144	0.015	0.49
1042.1	 469	3.16356e-317	2.96439e-323	2.11517e-317	1.00754	0	0.144	0.019	0.31
1015.28	 469	3.16356e-317	2.96439e-323	2.11517e-317	1.00678	0	0.144	0.019	0.33
947.6	 469	3.16356e-317	2.96439e-323	2.11517e-317	1.00596	0	0.144	0.019	0.35
905.776	 469	3.16356e-317	2.96439e-323	2.11517e-317	1.00367	0	0.144	0.019	0.37
894.984	 469	3.16356e-317	2.96439e-323	2.11517e-317	1.00334	0	0.144	0.019	0.39
909.34	 469	3.16356e-317	2.96439e-323	2.11517e-317	1.00258	0	0.144	0.019	0.41
889.704	 469	3.16356e-317	2.96439e-323	2.11517e-317	1.00223	0	0.144	0.019	0.43
899.202	 469	3.16356e-317	2.96439e-323	2.11517e-317	1.00153	0	0.144	0.019	0.45
933.73	 469	3.16356e-317	2.96439e-323	2.11517e-317	0.998384	0	0.144	0.019	0.47
892.178	 469	3.16356e-317	2.96439e-323	2.11517e-317	0.997954	0	0.144	0.019	0.49
962.22	 469	3.16356e-317	2.96439e-323	2.11517e-317	1.00979	0	0.144	0.023	0.31
894.848	 469	3.16356e-317	2.96439e-323	2.11517e-317	1.00816	0	0.144	0.023	0.33
800.46	 469	3.16356e-317	2.96439e-323	2.11517e-317	1.00748	0	0.144	0.023	0.35
834.245	 469	3.16356e-317	2.96439e-323	2.11517e-317	1.00683	0	0.144	0.023	0.37
899.378	 469	3.16356e-317	2.96439e-323	2.11517e-317	1.0058	0	0.144	0.023	0.39
901.648	 469	3.16356e-317	2.96439e-323	2.11517e-317	1.00372	0	0.144	0.023	0.41
896.397	 469	3.16356e-317	2.96439e-323	2.11517e-317	1.00302	0	0.144	0.023	0.43
847.962	 469	3.16356e-317	2.96439e-323	2.11517e-317	1.00239	0	0.144	0.023	0.45
878.673	 469	3.16356e-317	2.96439e-323	2.11517e-317	1.00208	0	0.144	0.023	0.47
955.668	 469	3.16356e-317	2.96439e-323	2.11517e-317	1.00166	0	0.144	0.023	0.49
878.418	 469	3.16356e-317	2.96439e-323	2.11517e-317	1.01193	0	0.144	0.027	0.31
895.238	 469	3.16356e-317	2.96439e-323	2.11517e-317	1.01101	0	0.144	0.027	0.33
878.015	 469	3.16356e-317	2.96439e-323	2.11517e-317	1.01026	0	0.144	0.027	0.35
873.771	 469	3.16356e-317	2.96439e-323	2.11517e-317	1.00793	0	0.144	0.027	0.37
853.601	 469	3.16356e-317	2.96439e-323	2.11517e-317	1.00724	0	0.144	0.027	0.39
857.845	 469	3.16356e-317	2.96439e-323	2.11517e-317	1.00651	0	0.144	0.027	0.41
956.368	 469	3.16356e-317	2.96439e-323	2.11517e-317	1.00393	0	0.144	0.027	0.43
885.412	 469	3.16356e-317	2.96439e-323	2.11517e-317	1.0036	0	0.144	0.027	0.45
875.304	 469	3.16356e-317	2.96439e-323	2.11517e-317	1.00289	0	0.144	0.027	0.47
923.809	 469	3.16356e-317	2.96439e-323	2.11517e-317	1.00248	0	0.144	0.027	0.49
919.345	 469	3.16356e-317	2.96439e-323	2.11517e-317	1.01349	0	0.144	0.031	0.31
923.439	 469	3.16356e-317	2.96439e-323	2.11517e-317	1.01241	0	0.144	0.031	0.33
868.68	 469	3.16356e-317	2.96439e-323	2.11517e-317	1.01158	0	0.144	0.031	0.35
925.841	 469	3.16356e-317	2.96439e-323	2.11517e-317	1.01083	0	0.144	0.031	0.37
937.97	 469	3.16356e-317	2.96439e-323	2.11517e-317	1.00939	0	0.144	0.031	0.39
935.328	 469	3.16356e-317	2.96439e-323	2.11517e-317	1.0077	0	0.144	0.031	0.41
981.918	 469	3.16356e-317	2.96439e-323	2.11517e-317	1.00744	0	0.144	0.031	0.43
969.167	 469	3.16356e-317	2.96439e-323	2.11517e-317	1.00656	0	0.144	0.031	0.45
1024.81	 469	3.16356e-317	2.96439e-323	2.11517e-317	1.00387	0	0.144	0.031	0.47
1062.65	 469	3.16356e-317	2.96439e-323	2.11517e-317	1.00346	0	0.144	0.031	0.49
1019.61	 469	3.16356e-317	2.96439e-323	2.11517e-317	1.01576	0	0.144	0.035	0.31
911.041	 469	3.16356e-317	2.96439e-323	2.11517e-317	1.01393	0	0.144	0.035	0.33
895.03	 469	3.16356e-317	2.96439e-323	2.11517e-317	1.01273	0	0.144	0.035	0.35
906.613	 469	3.16356e-317	2.96439e-323	2.11517e-317	1.01196	0	0.144	0.035	0.37
955.189	 469	3.16356e-317	2.96439e-323	2.11517e-317	1.01147	0	0.144	0.035	0.39
1011.69	 469	3.16356e-317	2.96439e-323	2.11517e-317	1.0102	0	0.144	0.035	0.41
990.656	 469	3.16356e-317	2.96439e-323	2.11517e-317	1.00924	0	0.144	0.035	0.43
1114.3	 469	3.16356e-317	2.96439e-323	2.11517e-317	1.00774	0	0.144	0.035	0.45
1148.27	 469	3.16356e-317	2.96439e-323	2.11517e-317	1.00684	0	0.144	0.035	0.47
1154.76	 469	3.16356e-317	2.96439e-323	2.11517e-317	1.00648	0	0.144	0.035	0.49
1021.92	 469	3.16356e-317	2.96439e-323	2.11517e-317	1.01757	0	0.144	0.039	0.31
1034.43	 469	3.16356e-317	2.96439e-323	2.11517e-317	1.01602	0	0.144	0.039	0.33
1105.61	 469	3.16356e-317	2.96439e-323	2.11517e-317	1.0152	0	0.144	0.039	0.35
1060.73	 469	3.16356e-317	2.96439e-323	2.11517e-317	1.01365	0	0.144	0.039	0.37
1060.57	 469	3.16356e-317	2.96439e-323	2.11517e-317	1.01289	0	0.144	0.039	0.39
1076.83	 469	3.16356e-317	2.96439e-323	2.11517e-317	1.01185	0	0.144	0.039	0.41
1146.41	 469	3.16356e-317	2.96439e-323	2.11517e-317	1.01127	0	0.144	0.039	0.43
1216.27	 469	3.16356e-317	2.96439e-323	2.11517e-317	1.01009	0	0.144	0.039	0.45
1254.41	 469	3.16356e-317	2.96439e-323	2.11517e-317	1.00841	0	0.144	0.039	0.47
1284.72	 469	3.16356e-317	2.96439e-323	2.11517e-317	1.00767	0	0.144	0.039	0.49
1111.37	 469	3.16356e-317	2.96439e-323	2.11517e-317	1.01883	0	0.144	0.043	0.31
1138.31	 469	3.16356e-317	2.96439e-323	2.11517e-317	1.0177	0	0.144	0.043	0.33
1118.75	 469	3.16356e-317	2.96439e-323	2.11517e-317	1.01688	0	0.144	0.043	0.35
1140.02	 469	3.16356e-317	2.96439e-323	2.11517e-317	1.01589	0	0.144	0.043	0.37
1224.79	 469	3.16356e-317	2.96439e-323	2.11517e-317	1.01412	0	0.144	0.043	0.39
1264.8	 469	3.16356e-317	2.96439e-323	2.11517e-317	1.0133	0	0.144	0.043	0.41
1296.42	 469	3.16356e-317	2.96439e-323	2.11517e-317	1.01273	0	0.144	0.043	0.43
1362.17	 469	3.16356e-317	2.96439e-323	2.11517e-317	1.01134	0	0.144	0.043	0.45
1433.67	 469	3.16356e-317	2.96439e-323	2.11517e-317	1.01113	0	0.144	0.043	0.47
1491.06	 469	3.16356e-317	2.96439e-323	2.11517e-317	1.00908	0	0.144	0.043	0.49
1305.14	 469	3.16356e-317	2.96439e-323	2.11517e-317	1.02054	0	0.144	0.047	0.31
1315.26	 469	3.16356e-317	2.96439e-323	2.11517e-317	1.01965	0	0.144	0.047	0.33
1338.65	 469	3.16356e-317	2.96439e-323	2.11517e-317	1.01806	0	0.144	0.047	0.35
1362.88	 469	3.16356e-317	2.96439e-323	2.11517e-317	1.01733	0	0.144	0.047	0.37
1372.74	 469	3.16356e-317	2.96439e-323	2.11517e-317	1.01636	0	0.144	0.047	0.39
1309.5	 469	3.16356e-317	2.96439e-323	2.11517e-317	1.01487	0	0.144	0.047	0.41
1466.63	 469	3.16356e-317	2.96439e-323	2.11517e-317	1.01363	0	0.144	0.047	0.43
1461.34	 469	3.16356e-317	2.96439e-323	2.11517e-317	1.01318	0	0.144	0.047	0.45
1674.05	 469	3.16356e-317	2.96439e-323	2.11517e-317	1.01187	0	0.144	0.047	0.47
1631.13	 469	3.16356e-317	2.96439e-323	2.11517e-317	1.0113	0	0.144	0.047	0.49
1195.46	 469	3.16356e-317	2.96439e-323	2.11517e-317	1.00514	0	0.148	0.011	0.31
1206.88	 469	3.16356e-317	2.96439e-323	2.11517e-317	1.00381	0	0.148	0.011	0.33
1061.36	 469	3.16356e-317	2.96439e-323	2.11517e-317	1.00303	0	0.148	0.011	0.35
1067.46	 469	3.16356e-317	2.96439e-323	2.11517e-317	1.00241	0	0.148	0.011	0.37
1096.61	 469	3.16356e-317	2.96439e-323	2.11517e-317	1.00189	0	0.148	0.011	0.39
1092.18	 469	3.16356e-317	2.96439e-323	2.11517e-317	1.00136	0	0.148	0.011	0.41
1008.41	 469	3.16356e-317	2.96439e-323	2.11517e-317	0.998287	0	0.148	0.011	0.43
980.912	 469	3.16356e-317	2.96439e-323	2.11517e-317	0.997709	0	0.148	0.011	0.45
994.828	 469	3.16356e-317	2.96439e-323	2.11517e-317	0.997191	0	0.148	0.011	0.47
1040.27	 469	3.16356e-317	2.96439e-323	2.11517e-317	0.996596	0	0.148	0.011	0.49
1149.79	 469	3.16356e-317	2.96439e-323	2.11517e-317	1.00757	0	0.148	0.015	0.31
989.169	 469	3.16356e-317	2.96439e-323	2.11517e-317	1.0068	0	0.148	0.015	0.33
1047.49	 469	3.16356e-317	2.96439e-323	2.11517e-317	1.00581	0	0.148	0.015	0.35
967.132	 469	3.16356e-317	2.96439e-323	2.11517e-317	1.00371	0	0.148	0.015	0.37
905.14	 469	3.16356e-317	2.96439e-323	2.11517e-317	1.00305	0	0.148	0.015	0.39
876.969	 469	3.16356e-317	2.96439e-323	2.11517e-317	1.00255	0	0.148	0.015	0.41
935.302	 469	3.16356e-317	2.96439e-323	2.11517e-317	1.00182	0	0.148	0.015	0.43
964.616	 469	3.16356e-317	2.96439e-323	2.11517e-317	1.00139	0	0.148	0.015	0.45
969.612	 469	3.16356e-317	2.96439e-323	2.11517e-317	0.998288	0	0.148	0.015	0.47
966.351	 469	3.16356e-317	2.96439e-323	2.11517e-317	0.997748	0	0.148	0.015	0.49
991.002	 469	3.16356e-317	2.96439e-323	2.11517e-317	1.00939	0	0.148	0.019	0.31
990.829	 469	3.16356e-317	2.96439e-323	2.11517e-317	1.0088	0	0.148	0.019	0.33
875.224	 469	3.16356e-317	2.96439e-323	2.11517e-317	1.00744	0	0.148	0.019	0.35
917.348	 469	3.16356e-317	2.96439e-323	2.11517e-317	1.0067	0	0.148	0.019	0.37
908.489	 469	3.16356e-317	2.96439e-323	2.11517e-317	1.00564	0	0.148	0.019	0.39
839.428	 469	3.16356e-317	2.96439e-323	2.11517e-317	1.00373	0	0.148	0.019	0.41
874.398	 469	3.16356e-317	2.96439e-323	2.11517e-317	1.003	0	0.148	0.019	0.43
870.691	 469	3.16356e-317	2.96439e-323	2.11517e-317	1.00238	0	0.148	0.019	0.45
861.383	 469	3.16356e-317	2.96439e-323	2.11517e-317	1.00187	0	0.148	0.019	0.47
983.03	 469	3.16356e-317	2.96439e-323	2.11517e-317	1.00161	0	0.148	0.019	0.49
927.331	 469	3.16356e-317	2.96439e-323	2.11517e-317	1.01174	0	0.148	0.023	0.31
895.045	 469	3.16356e-317	2.96439e-323	2.11517e-317	1.011	0	0.148	0.023	0.33
859.442	 469	3.16356e-317	2.96439e-323	2.11517e-317	1.00933	0	0.148	0.023	0.35
875.612	 469	3.16356e-317	2.96439e-323	2.11517e-317	1.00855	0	0.148	0.023	0.37
869.901	 469	3.16356e-317	2.96439e-323	2.11517e-317	1.00734	0	0.148	0.023	0.39
930.847	 469	3.16356e-317	2.96439e-323	2.11517e-317	1.00663	0	0.148	0.023	0.41
910.055	 469	3.16356e-317	2.96439e-323	2.11517e-317	1.006	0	0.148	0.023	0.43
838.778	 469	3.16356e-317	2.96439e-323	2.11517e-317	1.00352	0	0.148	0.023	0.45
916.439	 469	3.16356e-317	2.96439e-323	2.11517e-317	1.00294	0	0.148	0.023	0.47
933.126	 469	3.16356e-317	2.96439e-323	2.11517e-317	1.00244	0	0.148	0.023	0.49
894.437	 469	3.16356e-317	2.96439e-323	2.11517e-317	1.01354	0	0.148	0.027	0.31
852.548	 469	3.16356e-317	2.96439e-323	2.11517e-317	1.01286	0	0.148	0.027	0.33
829.8	 469	3.16356e-317	2.96439e-323	2.11517e-317	1.0115	0	0.148	0.027	0.35
891.337	 469	3.16356e-317	2.96439e-323	2.11517e-317	1.01034	0	0.148	0.027	0.37
928.203	 469	3.16356e-317	2.96439e-323	2.11517e-317	1.00927	0	0.148	0.027	0.39
811.153	 469	3.16356e-317	2.96439e-323	2.11517e-317	1.00768	0	0.148	0.027	0.41
960.868	 469	3.16356e-317	2.96439e-323	2.11517e-317	1.00722	0	0.148	0.027	0.43
939.749	 469	3.16356e-317	2.96439e-323	2.11517e-317	1.00648	0	0.148	0.027	0.45
943.836	 469	3.16356e-317	2.96439e-323	2.11517e-317	1.00584	0	0.148	0.027	0.47
1043.53	 469	3.16356e-317	2.96439e-323	2.11517e-317	1.00326	0	0.148	0.027	0.49
958.391	 469	3.16356e-317	2.96439e-323	2.11517e-317	1.01601	0	0.148	0.031	0.31
849.652	 469	3.16356e-317	2.96439e-323	2.11517e-317	1.01398	0	0.148	0.031	0.33
918.736	 469	3.16356e-317	2.96439e-323	2.11517e-317	1.01325	0	0.148	0.031	0.35
929.559	 469	3.16356e-317	2.96439e-323	2.11517e-317	1.01201	0	0.148	0.031	0.37
995.225	 469	3.16356e-317	2.96439e-323	2.11517e-317	1.01113	0	0.148	0.031	0.39
967.359	 469	3.16356e-317	2.96439e-323	2.11517e-317	1.01019	0	0.148	0.031	0.41
1029.98	 469	3.16356e-317	2.96439e-323	2.11517e-317	1.00912	0	0.148	0.031	0.43
1024.76	 469	3.16356e-317	2.96439e-323	2.11517e-317	1.00768	0	0.148	0.031	0.45
1086.84	 469	3.16356e-317	2.96439e-323	2.11517e-317	1.00705	0	0.148	0.031	0.47
1137.64	 469	3.16356e-317	2.96439e-323	2.11517e-317	1.00645	0	0.148	0.031	0.49
979.047	 469	3.16356e-317	2.96439e-323	2.11517e-317	1.01699	0	0.148	0.035	0.31
943.485	 469	3.16356e-317	2.96439e-323	2.11517e-317	1.016	0	0.148	0.035	0.33
1059.78	 469	3.16356e-317	2.96439e-323	2.11517e-317	1.01501	0	0.148	0.035	0.35
986.522	 469	3.16356e-317	2.96439e-323	2.11517e-317	1.01393	0	0.148	0.035	0.37
1035.42	 469	3.16356e-317	2.96439e-323	2.11517e-317	1.01312	0	0.148	0.035	0.39
1012.7	 469	3.16356e-317	2.96439e-323	2.11517e-317	1.01186	0	0.148	0.035	0.41
1124.35	 469	3.16356e-317	2.96439e-323	2.11517e-317	1.01132	0	0.148	0.035	0.43
1149.13	 469	3.16356e-317	2.96439e-323	2.11517e-317	1.00958	0	0.148	0.035	0.45
1238.74	 469	3.16356e-317	2.96439e-323	2.11517e-317	1.00867	0	0.148	0.035	0.47
1188.88	 469	3.16356e-317	2.96439e-323	2.11517e-317	1.00751	0	0.148	0.035	0.49
1047.35	 469	3.16356e-317	2.96439e-323	2.11517e-317	1.01875	0	0.148	0.039	0.31
1110.79	 469	3.16356e-317	2.96439e-323	2.11517e-317	1.01778	0	0.148	0.039	0.33
1116.69	 469	3.16356e-317	2.96439e-323	2.11517e-317	1.01681	0	0.148	0.039	0.35
1144.05	 469	3.16356e-317	2.96439e-323	2.11517e-317	1.01553	0	0.148	0.039	0.37
1142.07	 469	3.16356e-317	2.96439e-323	2.11517e-317	1.01391	0	0.148	0.039	0.39
1180.73	 469	3.16356e-317	2.96439e-323	2.11517e-317	1.01358	0	0.148	0.039	0.41
1279.1	 469	3.16356e-317	2.96439e-323	2.11517e-317	1.01236	0	0.148	0.039	0.43
1263.25	 469	3.16356e-317	2.96439e-323	2.11517e-317	1.01132	0	0.148	0.039	0.45
1348.83	 469	3.16356e-317	2.96439e-323	2.11517e-317	1.01084	0	0.148	0.039	0.47
1439.81	 469	3.16356e-317	2.96439e-323	2.11517e-317	1.00905	0	0.148	0.039	0.49
1193.28	 469	3.16356e-317	2.96439e-323	2.11517e-317	1.02079	0	0.148	0.043	0.31
1254.87	 469	3.16356e-317	2.96439e-323	2.11517e-317	1.01899	0	0.148	0.043	0.33
1241.03	 469	3.16356e-317	2.96439e-323	2.11517e-317	1.01856	0	0.148	0.043	0.35
1268.14	 469	3.16356e-317	2.96439e-323	2.11517e-317	1.01739	0	0.148	0.043	0.37
1347.11	 469	3.16356e-317	2.96439e-323	2.11517e-317	1.01632	0	0.148	0.043	0.39
1270.58	 469	3.16356e-317	2.96439e-323	2.11517e-317	1.01466	0	0.148	0.043	0.41
1384.51	 469	3.16356e-317	2.96439e-323	2.11517e-317	1.01412	0	0.148	0.043	0.43
1505.45	 469	3.16356e-317	2.96439e-323	2.11517e-317	1.01336	0	0.148	0.043	0.45
1607.89	 469	3.16356e-317	2.96439e-323	2.11517e-317	1.01265	0	0.148	0.043	0.47
1537.27	 469	3.16356e-317	2.96439e-323	2.11517e-317	1.01152	0	0.148	0.043	0.49
1353.65	 469	3.16356e-317	2.96439e-323	2.11517e-317	1.02208	0	0.148	0.047	0.31
1344.08	 469	3.16356e-317	2.96439e-323	2.11517e-317	1.02143	0	0.148	0.047	0.33
1396.25	 469	3.16356e-317	2.96439e-323	2.11517e-317	1.01997	0	0.148	0.047	0.35
1411.89	 469	3.16356e-317	2.96439e-323	2.11517e-317	1.01893	0	0.148	0.047	0.37
1478.08	 469	3.16356e-317	2.96439e-323	2.11517e-317	1.01838	0	0.148	0.047	0.39
1502.69	 469	3.16356e-317	2.96439e-323	2.11517e-317	1.0169	0	0.148	0.047	0.41
1610.27	 469	3.16356e-317	2.96439e-323	2.11517e-317	1.01539	0	0.148	0.047	0.43
1577.57	 469	3.16356e-317	2.96439e-323	2.11517e-317	1.01418	0	0.148	0.047	0.45
1707.34	 469	3.16356e-317	2.96439e-323	2.11517e-317	1.01364	0	0.148	0.047	0.47
1836.68	 469	3.16356e-317	2.96439e-323	2.11517e-317	1.01276	0	0.148	0.047	0.49
1071.25	 469	3.16356e-317	2.96439e-323	2.11517e-317	1.0073	0	0.152	0.011	0.31
1095.94	 469	3.16356e-317	2.96439e-323	2.11517e-317	1.00626	0	0.152	0.011	0.33
1017.83	 469	3.16356e-317	2.96439e-323	2.11517e-317	1.00582	0	0.152	0.011	0.35
978.512	 469	3.16356e-317	2.96439e-323	2.11517e-317	1.00345	0	0.152	0.011	0.37
954.22	 469	3.16356e-317	2.96439e-323	2.11517e-317	1.00298	0	0.152	0.011	0.39
1004.25	 469	3.16356e-317	2.96439e-323	2.11517e-317	1.00242	0	0.152	0.011	0.41
976.842	 469	3.16356e-317	2.96439e-323	2.11517e-317	1.0018	0	0.152	0.011	0.43
984.325	 469	3.16356e-317	2.96439e-323	2.11517e-317	1.00124	0	0.152	0.011	0.45
992.762	 469	3.16356e-317	2.96439e-323	2.11517e-317	0.998211	0	0.152	0.011	0.47
925.902	 469	3.16356e-317	2.96439e-323	2.11517e-317	0.997509	0	0.152	0.011	0.49
1061.55	 469	3.16356e-317	2.96439e-323	2.11517e-317	1.00923	0	0.152	0.015	0.31
995.015	 469	3.16356e-317	2.96439e-323	2.11517e-317	1.00785	0	0.152	0.015	0.33
926.542	 469	3.16356e-317	2.96439e-323	2.11517e-317	1.00715	0	0.152	0.015	0.35
930.784	 469	3.16356e-317	2.96439e-323	2.11517e-317	1.00655	0	0.152	0.015	0.37
817.933	 469	3.16356e-317	2.96439e-323	2.11517e-317	1.0045	0	0.152	0.015	0.39
909.503	 469	3.16356e-317	2.96439e-323	2.11517e-317	1.00341	0	0.152	0.015	0.41
839.372	 469	3.16356e-317	2.96439e-323	2.11517e-317	1.00285	0	0.152	0.015	0.43
867.663	 469	3.16356e-317	2.96439e-323	2.11517e-317	1.00241	0	0.152	0.015	0.45
844.109	 469	3.16356e-317	2.96439e-323	2.11517e-317	1.00169	0	0.152	0.015	0.47
908.097	 469	3.16356e-317	2.96439e-323	2.11517e-317	1.00134	0	0.152	0.015	0.49
943.622	 469	3.16356e-317	2.96439e-323	2.11517e-317	1.01131	0	0.152	0.019	0.31
885.446	 469	3.16356e-317	2.96439e-323	2.11517e-317	1.01053	0	0.152	0.019	0.33
896.376	 469	3.16356e-317	2.96439e-323	2.11517e-317	1.00907	0	0.152	0.019	0.35
875.521	 469	3.16356e-317	2.96439e-323	2.11517e-317	1.00772	0	0.152	0.019	0.37
863.331	 469	3.16356e-317	2.96439e-323	2.11517e-317	1.0074	0	0.152	0.019	0.39
872.262	 469	3.16356e-317	2.96439e-323	2.11517e-317	1.00665	0	0.152	0.019	0.41
804.352	 469	3.16356e-317	2.96439e-323	2.11517e-317	1.00561	0	0.152	0.019	0.43
876.504	 469	3.16356e-317	2.96439e-323	2.11517e-317	1.00351	0	0.152	0.019	0.45
876.47	 469	3.16356e-317	2.96439e-323	2.11517e-317	1.003	0	0.152	0.019	0.47
857.679	 469	3.16356e-317	2.96439e-323	2.11517e-317	1.00241	0	0.152	0.019	0.49
860.803	 469	3.16356e-317	2.96439e-323	2.11517e-317	1.0132	0	0.152	0.023	0.31
872.722	 469	3.16356e-317	2.96439e-323	2.11517e-317	1.01239	0	0.152	0.023	0.33
900.983	 469	3.16356e-317	2.96439e-323	2.11517e-317	1.01153	0	0.152	0.023	0.35
877.806	 469	3.16356e-317	2.96439e-323	2.11517e-317	1.01078	0	0.152	0.023	0.37
898.252	 469	3.16356e-317	2.96439e-323	2.11517e-317	1.0092	0	0.152	0.023	0.39
845.96	 469	3.16356e-317	2.96439e-323	2.11517e-317	1.00779	0	0.152	0.023	0.41
834.933	 469	3.16356e-317	2.96439e-323	2.11517e-317	1.00722	0	0.152	0.023	0.43
895.186	 469	3.16356e-317	2.96439e-323	2.11517e-317	1.00642	0	0.152	0.023	0.45
980.692	 469	3.16356e-317	2.96439e-323	2.11517e-317	1.00585	0	0.152	0.023	0.47
956.932	 469	3.16356e-317	2.96439e-323	2.11517e-317	1.00349	0	0.152	0.023	0.49
862.374	 469	3.16356e-317	2.96439e-323	2.11517e-317	1.01475	0	0.152	0.027	0.31
887.782	 469	3.16356e-317	2.96439e-323	2.11517e-317	1.01391	0	0.152	0.027	0.33
887.766	 469	3.16356e-317	2.96439e-323	2.11517e-317	1.01336	0	0.152	0.027	0.35
893.932	 469	3.16356e-317	2.96439e-323	2.11517e-317	1.0121	0	0.152	0.027	0.37
873.877	 469	3.16356e-317	2.96439e-323	2.11517e-317	1.0109	0	0.152	0.027	0.39
915.353	 469	3.16356e-317	2.96439e-323	2.11517e-317	1.01018	0	0.152	0.027	0.41
892.348	 469	3.16356e-317	2.96439e-323	2.11517e-317	1.00855	0	0.152	0.027	0.43
957.789	 469	3.16356e-317	2.96439e-323	2.11517e-317	1.00764	0	0.152	0.027	0.45
1038.39	 469	3.16356e-317	2.96439e-323	2.11517e-317	1.00721	0	0.152	0.027	0.47
1084.81	 469	3.16356e-317	2.96439e-323	2.11517e-317	1.00612	0	0.152	0.027	0.49
946.429	 469	3.16356e-317	2.96439e-323	2.11517e-317	1.01718	0	0.152	0.031	0.31
960.385	 469	3.16356e-317	2.96439e-323	2.11517e-317	1.01593	0	0.152	0.031	0.33
969.734	 469	3.16356e-317	2.96439e-323	2.11517e-317	1.01489	0	0.152	0.031	0.35
952.421	 469	3.16356e-317	2.96439e-323	2.11517e-317	1.01383	0	0.152	0.031	0.37
952.351	 469	3.16356e-317	2.96439e-323	2.11517e-317	1.01254	0	0.152	0.031	0.39
1025.24	 469	3.16356e-317	2.96439e-323	2.11517e-317	1.01179	0	0.152	0.031	0.41
1105.43	 469	3.16356e-317	2.96439e-323	2.11517e-317	1.01102	0	0.152	0.031	0.43
1071.85	 469	3.16356e-317	2.96439e-323	2.11517e-317	1.0094	0	0.152	0.031	0.45
1170.93	 469	3.16356e-317	2.96439e-323	2.11517e-317	1.00848	0	0.152	0.031	0.47
1144.09	 469	3.16356e-317	2.96439e-323	2.11517e-317	1.00748	0	0.152	0.031	0.49
1025.26	 469	3.16356e-317	2.96439e-323	2.11517e-317	1.01898	0	0.152	0.035	0.31
991.767	 469	3.16356e-317	2.96439e-323	2.11517e-317	1.01799	0	0.152	0.035	0.33
1041.45	 469	3.16356e-317	2.96439e-323	2.11517e-317	1.01689	0	0.152	0.035	0.35
1121.94	 469	3.16356e-317	2.96439e-323	2.11517e-317	1.01577	0	0.152	0.035	0.37
1105.6	 469	3.16356e-317	2.96439e-323	2.11517e-317	1.01482	0	0.152	0.035	0.39
1060.61	 469	3.16356e-317	2.96439e-323	2.11517e-317	1.01311	0	0.152	0.035	0.41
1173.76	 469	3.16356e-317	2.96439e-323	2.11517e-317	1.01252	0	0.152	0.035	0.43
1218.3	 469	3.16356e-317	2.96439e-323	2.11517e-317	1.01152	0	0.152	0.035	0.45
1365.23	 469	3.16356e-317	2.96439e-323	2.11517e-317	1.01083	0	0.152	0.035	0.47
1338.93	 469	3.16356e-317	2.96439e-323	2.11517e-317	1.00945	0	0.152	0.035	0.49
1151.34	 469	3.16356e-317	2.96439e-323	2.11517e-317	1.02102	0	0.152	0.039	0.31
1217.56	 469	3.16356e-317	2.96439e-323	2.11517e-317	1.01916	0	0.152	0.039	0.33
1178.2	 469	3.16356e-317	2.96439e-323	2.11517e-317	1.01856	0	0.152	0.039	0.35
1201.9	 469	3.16356e-317	2.96439e-323	2.11517e-317	1.01755	0	0.152	0.039	0.37
1277.28	 469	3.16356e-317	2.96439e-323	2.11517e-317	1.01675	0	0.152	0.039	0.39
1271.4	 469	3.16356e-317	2.96439e-323	2.11517e-317	1.01536	0	0.152	0.039	0.41
1345.78	 469	3.16356e-317	2.96439e-323	2.11517e-317	1.01446	0	0.152	0.039	0.43
1415.26	 469	3.16356e-317	2.96439e-323	2.11517e-317	1.01318	0	0.152	0.039	0.45
1356.6	 469	3.16356e-317	2.96439e-323	2.11517e-317	1.01195	0	0.152	0.039	0.47
1530.72	 469	3.16356e-317	2.96439e-323	2.11517e-317	1.01139	0	0.152	0.039	0.49
1273.19	 469	3.16356e-317	2.96439e-323	2.11517e-317	1.02241	0	0.152	0.043	0.31
1268.88	 469	3.16356e-317	2.96439e-323	2.11517e-317	1.02145	0	0.152	0.043	0.33
1331.71	 469	3.16356e-317	2.96439e-323	2.11517e-317	1.01949	0	0.152	0.043	0.35
1356.38	 469	3.16356e-317	2.96439e-323	2.11517e-317	1.01902	0	0.152	0.043	0.37
1362.06	 469	3.16356e-317	2.96439e-323	2.11517e-317	1.01827	0	0.152	0.043	0.39
1419.39	 469	3.16356e-317	2.96439e-323	2.11517e-317	1.01775	0	0.152	0.043	0.41
1492.05	 469	3.16356e-317	2.96439e-323	2.11517e-317	1.01636	0	0.152	0.043	0.43
1545.48	 469	3.16356e-317	2.96439e-323	2.11517e-317	1.01445	0	0.152	0.043	0.45
1680.4	 469	3.16356e-317	2.96439e-323	2.11517e-317	1.01396	0	0.152	0.043	0.47
1735.87	 469	3.16356e-317	2.96439e-323	2.11517e-317	1.01288	0	0.152	0.043	0.49
1418.48	 469	3.16356e-317	2.96439e-323	2.11517e-317	1.02373	0	0.152	0.047	0.31
1490.97	 469	3.16356e-317	2.96439e-323	2.11517e-317	1.02297	0	0.152	0.047	0.33
1528.61	 469	3.16356e-317	2.96439e-323	2.11517e-317	1.02202	0	0.152	0.047	0.35
1561.62	 469	3.16356e-317	2.96439e-323	2.11517e-317	1.02107	0	0.152	0.047	0.37
1605.1	 469	3.16356e-317	2.96439e-323	2.11517e-317	1.01979	0	0.152	0.047	0.39
1665.4	 469	3.16356e-317	2.96439e-323	2.11517e-317	1.01831	0	0.152	0.047	0.41
1683.49	 469	3.16356e-317	2.96439e-323	2.11517e-317	1.01759	0	0.152	0.047	0.43
1822.37	 469	3.16356e-317	2.96439e-323	2.11517e-317	1.0168	0	0.152	0.047	0.45
1867.74	 469	3.16356e-317	2.96439e-323	2.11517e-317	1.0158	0	0.152	0.047	0.47
2030.95	 469	3.16356e-317	2.96439e-323	2.11517e-317	1.0142	0	0.152	0.047	0.49
1012.51	 469	3.16356e-317	2.96439e-323	2.11517e-317	1.00925	0	0.156	0.011	0.31
1013.89	 469	3.16356e-317	2.96439e-323	2.11517e-317	1.00767	0	0.156	0.011	0.33
1008.01	 469	3.16356e-317	2.96439e-323	2.11517e-317	1.00711	0	0.156	0.011	0.35
916.116	 469	3.16356e-317	2.96439e-323	2.11517e-317	1.00616	0	0.156	0.011	0.37
979.107	 469	3.16356e-317	2.96439e-323	2.11517e-317	1.00384	0	0.156	0.011	0.39
901.828	 469	3.16356e-317	2.96439e-323	2.11517e-317	1.00332	0	0.156	0.011	0.41
895.089	 469	3.16356e-317	2.96439e-323	2.11517e-317	1.00288	0	0.156	0.011	0.43
876.25	 469	3.16356e-317	2.96439e-323	2.11517e-317	1.00232	0	0.156	0.011	0.45
928.236	 469	3.16356e-317	2.96439e-323	2.11517e-317	1.00151	0	0.156	0.011	0.47
915.045	 469	3.16356e-317	2.96439e-323	2.11517e-317	0.998682	0	0.156	0.011	0.49
1030.49	 469	3.16356e-317	2.96439e-323	2.11517e-317	1.01168	0	0.156	0.015	0.31
942.825	 469	3.16356e-317	2.96439e-323	2.11517e-317	1.01028	0	0.156	0.015	0.33
890.89	 469	3.16356e-317	2.96439e-323	2.11517e-317	1.00908	0	0.156	0.015	0.35
911.066	 469	3.16356e-317	2.96439e-323	2.11517e-317	1.00753	0	0.156	0.015	0.37
887.728	 469	3.16356e-317	2.96439e-323	2.11517e-317	1.00706	0	0.156	0.015	0.39
829.853	 469	3.16356e-317	2.96439e-323	2.11517e-317	1.00631	0	0.156	0.015	0.41
887.544	 469	3.16356e-317	2.96439e-323	2.11517e-317	1.0042	0	0.156	0.015	0.43
801.037	 469	3.16356e-317	2.96439e-323	2.11517e-317	1.00332	0	0.156	0.015	0.45
884.198	 469	3.16356e-317	2.96439e-323	2.11517e-317	1.00277	0	0.156	0.015	0.47
944.834	 469	3.16356e-317	2.96439e-323	2.11517e-317	1.00244	0	0.156	0.015	0.49
880.924	 469	3.16356e-317	2.96439e-323	2.11517e-317	1.01318	0	0.156	0.019	0.31
908.602	 469	3.16356e-317	2.96439e-323	2.11517e-317	1.01238	0	0.156	0.019	0.33
875.127	 469	3.16356e-317	2.96439e-323	2.11517e-317	1.01133	0	0.156	0.019	0.35
813.73	 469	3.16356e-317	2.96439e-323	2.11517e-317	1.01041	0	0.156	0.019	0.37
865.213	 469	3.16356e-317	2.96439e-323	2.11517e-317	1.00862	0	0.156	0.019	0.39
856.429	 469	3.16356e-317	2.96439e-323	2.11517e-317	1.00782	0	0.156	0.019	0.41
821.066	 469	3.16356e-317	2.96439e-323	2.11517e-317	1.00708	0	0.156	0.019	0.43
906.863	 469	3.16356e-317	2.96439e-323	2.11517e-317	1.00623	0	0.156	0.019	0.45
955.069	 469	3.16356e-317	2.96439e-323	2.11517e-317	1.0057	0	0.156	0.019	0.47
928.924	 469	3.16356e-317	2.96439e-323	2.11517e-317	1.00345	0	0.156	0.019	0.49
884.365	 469	3.16356e-317	2.96439e-323	2.11517e-317	1.01497	0	0.156	0.023	0.31
900.709	 469	3.16356e-317	2.96439e-323	2.11517e-317	1.01438	0	0.156	0.023	0.33
948.245	 469	3.16356e-317	2.96439e-323	2.11517e-317	1.01314	0	0.156	0.023	0.35
818.861	 469	3.16356e-317	2.96439e-323	2.11517e-317	1.0121	0	0.156	0.023	0.37
847.267	 469	3.16356e-317	2.96439e-323	2.11517e-317	1.0113	0	0.156	0.023	0.39
822.404	 469	3.16356e-317	2.96439e-323	2.11517e-317	1.01049	0	0.156	0.023	0.41
909.269	 469	3.16356e-317	2.96439e-323	2.11517e-317	1.00907	0	0.156	0.023	0.43
929.454	 469	3.16356e-317	2.96439e-323	2.11517e-317	1.00749	0	0.156	0.023	0.45
957.097	 469	3.16356e-317	2.96439e-323	2.11517e-317	1.00686	0	0.156	0.023	0.47
975.665	 469	3.16356e-317	2.96439e-323	2.11517e-317	1.00635	0	0.156	0.023	0.49
978.301	 469	3.16356e-317	2.96439e-323	2.11517e-317	1.01756	0	0.156	0.027	0.31
944.922	 469	3.16356e-317	2.96439e-323	2.11517e-317	1.01623	0	0.156	0.027	0.33
980.725	 469	3.16356e-317	2.96439e-323	2.11517e-317	1.01542	0	0.156	0.027	0.35
948.978	 469	3.16356e-317	2.96439e-323	2.11517e-317	1.01377	0	0.156	0.027	0.37
920.385	 469	3.16356e-317	2.96439e-323	2.11517e-317	1.01295	0	0.156	0.027	0.39
963.537	 469	3.16356e-317	2.96439e-323	2.11517e-317	1.01165	0	0.156	0.027	0.41
991.904	 469	3.16356e-317	2.96439e-323	2.11517e-317	1.01119	0	0.156	0.027	0.43
1042.65	 469	3.16356e-317	2.96439e-323	2.11517e-317	1.0106	0	0.156	0.027	0.45
1104.08	 469	3.16356e-317	2.96439e-323	2.11517e-317	1.00858	0	0.156	0.027	0.47
1043.66	 469	3.16356e-317	2.96439e-323	2.11517e-317	1.00728	0	0.156	0.027	0.49
1007.79	 469	3.16356e-317	2.96439e-323	2.11517e-317	1.01881	0	0.156	0.031	0.31
1031.65	 469	3.16356e-317	2.96439e-323	2.11517e-317	1.01788	0	0.156	0.031	0.33
1023.42	 469	3.16356e-317	2.96439e-323	2.11517e-317	1.01684	0	0.156	0.031	0.35
1017.31	 469	3.16356e-317	2.96439e-323	2.11517e-317	1.01573	0	0.156	0.031	0.37
1051.06	 469	3.16356e-317	2.96439e-323	2.11517e-317	1.01436	0	0.156	0.031	0.39
1070.04	 469	3.16356e-317	2.96439e-323	2.11517e-317	1.01335	0	0.156	0.031	0.41
1101.94	 469	3.16356e-317	2.96439e-323	2.11517e-317	1.01301	0	0.156	0.031	0.43
1119.37	 469	3.16356e-317	2.96439e-323	2.11517e-317	1.01186	0	0.156	0.031	0.45
1193.36	 469	3.16356e-317	2.96439e-323	2.11517e-317	1.01084	0	0.156	0.031	0.47
1274.77	 469	3.16356e-317	2.96439e-323	2.11517e-317	1.00892	0	0.156	0.031	0.49
1102.32	 469	3.16356e-317	2.96439e-323	2.11517e-317	1.02029	0	0.156	0.035	0.31
1113.91	 469	3.16356e-317	2.96439e-323	2.11517e-317	1.01932	0	0.156	0.035	0.33
1086.85	 469	3.16356e-317	2.96439e-323	2.11517e-317	1.01857	0	0.156	0.035	0.35
1167.67	 469	3.16356e-317	2.96439e-323	2.11517e-317	1.01765	0	0.156	0.035	0.37
1152.55	 469	3.16356e-317	2.96439e-323	2.11517e-317	1.01606	0	0.156	0.035	0.39
1212.26	 469	3.16356e-317	2.96439e-323	2.11517e-317	1.01535	0	0.156	0.035	0.41
1288.6	 469	3.16356e-317	2.96439e-323	2.11517e-317	1.014	0	0.156	0.035	0.43
1308.61	 469	3.16356e-317	2.96439e-323	2.11517e-317	1.01309	0	0.156	0.035	0.45
1275.15	 469	3.16356e-317	2.96439e-323	2.11517e-317	1.01226	0	0.156	0.035	0.47
1449.54	 469	3.16356e-317	2.96439e-323	2.11517e-317	1.01186	0	0.156	0.035	0.49
1201.04	 469	3.16356e-317	2.96439e-323	2.11517e-317	1.0224	0	0.156	0.039	0.31
1262.19	 469	3.16356e-317	2.96439e-323	2.11517e-317	1.02146	0	0.156	0.039	0.33
1286.87	 469	3.16356e-317	2.96439e-323	2.11517e-317	1.02016	0	0.156	0.039	0.35
1274.28	 469	3.16356e-317	2.96439e-323	2.11517e-317	1.01904	0	0.156	0.039	0.37
1327.69	 469	3.16356e-317	2.96439e-323	2.11517e-317	1.01788	0	0.156	0.039	0.39
1340.46	 469	3.16356e-317	2.96439e-323	2.11517e-317	1.01729	0	0.156	0.039	0.41
1475.78	 469	3.16356e-317	2.96439e-323	2.11517e-317	1.01587	0	0.156	0.039	0.43
1421.16	 469	3.16356e-317	2.96439e-323	2.11517e-317	1.01493	0	0.156	0.039	0.45
1489.19	 469	3.16356e-317	2.96439e-323	2.11517e-317	1.01385	0	0.156	0.039	0.47
1605.2	 469	3.16356e-317	2.96439e-323	2.11517e-317	1.01287	0	0.156	0.039	0.49
1371.15	 469	3.16356e-317	2.96439e-323	2.11517e-317	1.02355	0	0.156	0.043	0.31
1392.28	 469	3.16356e-317	2.96439e-323	2.11517e-317	1.02328	0	0.156	0.043	0.33
1415.81	 469	3.16356e-317	2.96439e-323	2.11517e-317	1.02249	0	0.156	0.043	0.35
1525.78	 469	3.16356e-317	2.96439e-323	2.11517e-317	1.02121	0	0.156	0.043	0.37
1516.78	 469	3.16356e-317	2.96439e-323	2.11517e-317	1.02005	0	0.156	0.043	0.39
1547.92	 469	3.16356e-317	2.96439e-323	2.11517e-317	1.01876	0	0.156	0.043	0.41
1673.43	 469	3.16356e-317	2.96439e-323	2.11517e-317	1.01806	0	0.156	0.043	0.43
1688.79	 469	3.16356e-317	2.96439e-323	2.11517e-317	1.01692	0	0.156	0.043	0.45
1791.19	 469	3.16356e-317	2.96439e-323	2.11517e-317	1.01552	0	0.156	0.043	0.47
3842.94	 469	3.16356e-317	2.96439e-323	2.11517e-317	1.00476	0	0.156	0.043	0.49
1540.53	 469	3.16356e-317	2.96439e-323	2.11517e-317	1.02576	0	0.156	0.047	0.31
1517.16	 469	3.16356e-317	2.96439e-323	2.11517e-317	1.02445	0	0.156	0.047	0.33
1605.78	 469	3.16356e-317	2.96439e-323	2.11517e-317	1.02351	0	0.156	0.047	0.35
1668.67	 469	3.16356e-317	2.96439e-323	2.11517e-317	1.02282	0	0.156	0.047	0.37
1763.16	 469	3.16356e-317	2.96439e-323	2.11517e-317	1.02155	0	0.156	0.047	0.39
1761.89	 469	3.16356e-317	2.96439e-323	2.11517e-317	1.01987	0	0.156	0.047	0.41
1825.52	 469	3.16356e-317	2.96439e-323	2.11517e-317	1.01912	0	0.156	0.047	0.43
1956.46	 469	3.16356e-317	2.96439e-323	2.11517e-317	1.0185	0	0.156	0.047	0.45
2024.76	 469	3.16356e-317	2.96439e-323	2.11517e-317	1.01735	0	0.156	0.047	0.47
2144.45	 469	3.16356e-317	2.96439e-323	2.11517e-317	1.0166	0	0.156	0.047	0.49
967.571	 469	3.16356e-317	2.96439e-323	2.11517e-317	1.01163	0	0.16	0.011	0.31
973.356	 469	3.16356e-317	2.96439e-323	2.11517e-317	1.01066	0	0.16	0.011	0.33
960.945	 469	3.16356e-317	2.96439e-323	2.11517e-317	1.00939	0	0.16	0.011	0.35
859.607	 469	3.16356e-317	2.96439e-323	2.11517e-317	1.00761	0	0.16	0.011	0.37
870.779	 469	3.16356e-317	2.96439e-323	2.11517e-317	1.0066	0	0.16	0.011	0.39
864.963	 469	3.16356e-317	2.96439e-323	2.11517e-317	1.00634	0	0.16	0.011	0.41
860.621	 469	3.16356e-317	2.96439e-323	2.11517e-317	1.00395	0	0.16	0.011	0.43
856.446	 469	3.16356e-317	2.96439e-323	2.11517e-317	1.00325	0	0.16	0.011	0.45
897.516	 469	3.16356e-317	2.96439e-323	2.11517e-317	1.00276	0	0.16	0.011	0.47
896.872	 469	3.16356e-317	2.96439e-323	2.11517e-317	1.00216	0	0.16	0.011	0.49
916.771	 469	3.16356e-317	2.96439e-323	2.11517e-317	1.01331	0	0.16	0.015	0.31
885.627	 469	3.16356e-317	2.96439e-323	2.11517e-317	1.01193	0	0.16	0.015	0.33
830.476	 469	3.16356e-317	2.96439e-323	2.11517e-317	1.01127	0	0.16	0.015	0.35
839.09	 469	3.16356e-317	2.96439e-323	2.11517e-317	1.00998	0	0.16	0.015	0.37
868.871	 469	3.16356e-317	2.96439e-323	2.11517e-317	1.00862	0	0.16	0.015	0.39
858.08	 469	3.16356e-317	2.96439e-323	2.11517e-317	1.00753	0	0.16	0.015	0.41
843.064	 469	3.16356e-317	2.96439e-323	2.11517e-317	1.00683	0	0.16	0.015	0.43
865.82	 469	3.16356e-317	2.96439e-323	2.11517e-317	1.00632	0	0.16	0.015	0.45
945.644	 469	3.16356e-317	2.96439e-323	2.11517e-317	1.00371	0	0.16	0.015	0.47
939.379	 469	3.16356e-317	2.96439e-323	2.11517e-317	1.00332	0	0.16	0.015	0.49
857.947	 469	3.16356e-317	2.96439e-323	2.11517e-317	1.01488	0	0.16	0.019	0.31
850.825	 469	3.16356e-317	2.96439e-323	2.11517e-317	1.01386	0	0.16	0.019	0.33
928.977	 469	3.16356e-317	2.96439e-323	2.11517e-317	1.01329	0	0.16	0.019	0.35
830.706	 469	3.16356e-317	2.96439e-323	2.11517e-317	1.01185	0	0.16	0.019	0.37
849.112	 469	3.16356e-317	2.96439e-323	2.11517e-317	1.01096	0	0.16	0.019	0.39
875.774	 469	3.16356e-317	2.96439e-323	2.11517e-317	1.00972	0	0.16	0.019	0.41
875.08	 469	3.16356e-317	2.96439e-323	2.11517e-317	1.00895	0	0.16	0.019	0.43
870.399	 469	3.16356e-317	2.96439e-323	2.11517e-317	1.00761	0	0.16	0.019	0.45
998.564	 469	3.16356e-317	2.96439e-323	2.11517e-317	1.00684	0	0.16	0.019	0.47
934.163	 469	3.16356e-317	2.96439e-323	2.11517e-317	1.00618	0	0.16	0.019	0.49
962.354	 469	3.16356e-317	2.96439e-323	2.11517e-317	1.01751	0	0.16	0.023	0.31
900.407	 469	3.16356e-317	2.96439e-323	2.11517e-317	1.01644	0	0.16	0.023	0.33
878.482	 469	3.16356e-317	2.96439e-323	2.11517e-317	1.0148	0	0.16	0.023	0.35
929.495	 469	3.16356e-317	2.96439e-323	2.11517e-317	1.0139	0	0.16	0.023	0.37
862.736	 469	3.16356e-317	2.96439e-323	2.11517e-317	1.01275	0	0.16	0.023	0.39
937.674	 469	3.16356e-317	2.96439e-323	2.11517e-317	1.01185	0	0.16	0.023	0.41
886.655	 469	3.16356e-317	2.96439e-323	2.11517e-317	1.01083	0	0.16	0.023	0.43
1021.22	 469	3.16356e-317	2.96439e-323	2.11517e-317	1.0096	0	0.16	0.023	0.45
958.317	 469	3.16356e-317	2.96439e-323	2.11517e-317	1.00857	0	0.16	0.023	0.47
1078.23	 469	3.16356e-317	2.96439e-323	2.11517e-317	1.0077	0	0.16	0.023	0.49
992.21	 469	3.16356e-317	2.96439e-323	2.11517e-317	1.0189	0	0.16	0.027	0.31
915.059	 469	3.16356e-317	2.96439e-323	2.11517e-317	1.01789	0	0.16	0.027	0.33
973.42	 469	3.16356e-317	2.96439e-323	2.11517e-317	1.01675	0	0.16	0.027	0.35
956.556	 469	3.16356e-317	2.96439e-323	2.11517e-317	1.01592	0	0.16	0.027	0.37
1022.04	 469	3.16356e-317	2.96439e-323	2.11517e-317	1.01495	0	0.16	0.027	0.39
1003.98	 469	3.16356e-317	2.96439e-323	2.11517e-317	1.01348	0	0.16	0.027	0.41
1034.01	 469	3.16356e-317	2.96439e-323	2.11517e-317	1.01248	0	0.16	0.027	0.43
1096.1	 469	3.16356e-317	2.96439e-323	2.11517e-317	1.01195	0	0.16	0.027	0.45
1141.64	 469	3.16356e-317	2.96439e-323	2.11517e-317	1.01069	0	0.16	0.027	0.47
1209.85	 469	3.16356e-317	2.96439e-323	2.11517e-317	1.0092	0	0.16	0.027	0.49
993.198	 469	3.16356e-317	2.96439e-323	2.11517e-317	1.02102	0	0.16	0.031	0.31
1026.12	 469	3.16356e-317	2.96439e-323	2.11517e-317	1.01978	0	0.16	0.031	0.33
974.731	 469	3.16356e-317	2.96439e-323	2.11517e-317	1.01834	0	0.16	0.031	0.35
1027.27	 469	3.16356e-317	2.96439e-323	2.11517e-317	1.01745	0	0.16	0.031	0.37
1092.51	 469	3.16356e-317	2.96439e-323	2.11517e-317	1.01635	0	0.16	0.031	0.39
1158.62	 469	3.16356e-317	2.96439e-323	2.11517e-317	1.01525	0	0.16	0.031	0.41
1158.89	 469	3.16356e-317	2.96439e-323	2.11517e-317	1.01415	0	0.16	0.031	0.43
1212.75	 469	3.16356e-317	2.96439e-323	2.11517e-317	1.01333	0	0.16	0.031	0.45
1367.12	 469	3.16356e-317	2.96439e-323	2.11517e-317	1.01246	0	0.16	0.031	0.47
1330.37	 469	3.16356e-317	2.96439e-323	2.11517e-317	1.0113	0	0.16	0.031	0.49
1142.98	 469	3.16356e-317	2.96439e-323	2.11517e-317	1.02268	0	0.16	0.035	0.31
1189.46	 469	3.16356e-317	2.96439e-323	2.11517e-317	1.02153	0	0.16	0.035	0.33
1111.41	 469	3.16356e-317	2.96439e-323	2.11517e-317	1.01997	0	0.16	0.035	0.35
1201.48	 469	3.16356e-317	2.96439e-323	2.11517e-317	1.01905	0	0.16	0.035	0.37
1245.69	 469	3.16356e-317	2.96439e-323	2.11517e-317	1.01803	0	0.16	0.035	0.39
1303.06	 469	3.16356e-317	2.96439e-323	2.11517e-317	1.01736	0	0.16	0.035	0.41
1346.04	 469	3.16356e-317	2.96439e-323	2.11517e-317	1.01609	0	0.16	0.035	0.43
3535.7	 469	3.16356e-317	2.96439e-323	2.11517e-317	1.00488	0	0.16	0.035	0.45
1525.56	 469	3.16356e-317	2.96439e-323	2.11517e-317	1.01367	0	0.16	0.035	0.47
1497.19	 469	3.16356e-317	2.96439e-323	2.11517e-317	1.01297	0	0.16	0.035	0.49
1308.28	 469	3.16356e-317	2.96439e-323	2.11517e-317	1.0241	0	0.16	0.039	0.31
1316.53	 469	3.16356e-317	2.96439e-323	2.11517e-317	1.0235	0	0.16	0.039	0.33
1362.43	 469	3.16356e-317	2.96439e-323	2.11517e-317	1.02209	0	0.16	0.039	0.35
1366.66	 469	3.16356e-317	2.96439e-323	2.11517e-317	1.02143	0	0.16	0.039	0.37
1374.27	 469	3.16356e-317	2.96439e-323	2.11517e-317	1.01973	0	0.16	0.039	0.39
1488.07	 469	3.16356e-317	2.96439e-323	2.11517e-317	1.01862	0	0.16	0.039	0.41
1535.52	 469	3.16356e-317	2.96439e-323	2.11517e-317	1.01804	0	0.16	0.039	0.43
1577.03	 469	3.16356e-317	2.96439e-323	2.11517e-317	1.01676	0	0.16	0.039	0.45
1665.76	 469	3.16356e-317	2.96439e-323	2.11517e-317	1.01581	0	0.16	0.039	0.47
1705.77	 469	3.16356e-317	2.96439e-323	2.11517e-317	1.01502	0	0.16	0.039	0.49
1460.57	 469	3.16356e-317	2.96439e-323	2.11517e-317	1.02571	0	0.16	0.043	0.31
1525.41	 469	3.16356e-317	2.96439e-323	2.11517e-317	1.02445	0	0.16	0.043	0.33
1530.72	 469	3.16356e-317	2.96439e-323	2.11517e-317	1.02343	0	0.16	0.043	0.35
1559.08	 469	3.16356e-317	2.96439e-323	2.11517e-317	1.02292	0	0.16	0.043	0.37
1623.35	 469	3.16356e-317	2.96439e-323	2.11517e-317	1.02212	0	0.16	0.043	0.39
1792.85	 469	3.16356e-317	2.96439e-323	2.11517e-317	1.02038	0	0.16	0.043	0.41
1785.9	 469	3.16356e-317	2.96439e-323	2.11517e-317	1.01946	0	0.16	0.043	0.43
1784.67	 469	3.16356e-317	2.96439e-323	2.11517e-317	1.01831	0	0.16	0.043	0.45
1932.13	 469	3.16356e-317	2.96439e-323	2.11517e-317	1.0176	0	0.16	0.043	0.47
2068.85	 469	3.16356e-317	2.96439e-323	2.11517e-317	1.01615	0	0.16	0.043	0.49
1583.05	 469	3.16356e-317	2.96439e-323	2.11517e-317	1.02719	0	0.16	0.047	0.31
1681.58	 469	3.16356e-317	2.96439e-323	2.11517e-317	1.02668	0	0.16	0.047	0.33
1724.15	 469	3.16356e-317	2.96439e-323	2.11517e-317	1.02557	0	0.16	0.047	0.35
1748.01	 469	3.16356e-317	2.96439e-323	2.11517e-317	1.02434	0	0.16	0.047	0.37
1840.66	 469	3.16356e-317	2.96439e-323	2.11517e-317	1.02342	0	0.16	0.047	0.39
1889.43	 469	3.16356e-317	2.96439e-323	2.11517e-317	1.02246	0	0.16	0.047	0.41
1977.99	 469	3.16356e-317	2.96439e-323	2.11517e-317	1.02179	0	0.16	0.047	0.43
2112.07	 469	3.16356e-317	2.96439e-323	2.11517e-317	1.02063	0	0.16	0.047	0.45
2156.25	 469	3.16356e-317	2.96439e-323	2.11517e-317	1.01895	0	0.16	0.047	0.47
2235.88	 469	3.16356e-317	2.96439e-323	2.11517e-317	1.01799	0	0.16	0.047	0.49
